image,release,package_name,package_version,type,vulnerability_id,severity,url,target,patched_version,mirrored,status,justification
rancher/hardened-addon-resizer:1.8.23-build20260604,rke2/v1.33.13,golang.org/x/oauth2,v0.24.0,gobinary,CVE-2025-22868,HIGH,https://avd.aquasec.com/nvd/cve-2025-22868,pod_nanny,0.27.0,false,not_affected,vulnerable_code_not_present
rancher/hardened-addon-resizer:1.8.23-build20260604,rke2/v1.33.13,golang.org/x/net,v0.33.0,gobinary,CVE-2025-22870,MEDIUM,https://avd.aquasec.com/nvd/cve-2025-22870,pod_nanny,0.36.0,false,not_affected,vulnerable_code_not_present
rancher/hardened-addon-resizer:1.8.23-build20260604,rke2/v1.33.13,golang.org/x/net,v0.33.0,gobinary,CVE-2025-22872,MEDIUM,https://avd.aquasec.com/nvd/cve-2025-22872,pod_nanny,0.38.0,false,not_affected,vulnerable_code_not_present
rancher/hardened-addon-resizer:1.8.23-build20260604,rke2/v1.33.13,golang.org/x/net,v0.33.0,gobinary,CVE-2025-47911,MEDIUM,https://avd.aquasec.com/nvd/cve-2025-47911,pod_nanny,0.45.0,false,not_affected,vulnerable_code_not_present
rancher/hardened-addon-resizer:1.8.23-build20260604,rke2/v1.33.13,golang.org/x/net,v0.33.0,gobinary,CVE-2025-58190,MEDIUM,https://avd.aquasec.com/nvd/cve-2025-58190,pod_nanny,0.45.0,false,not_affected,vulnerable_code_not_present
rancher/hardened-addon-resizer:1.8.23-build20260604,rke2/v1.33.13,golang.org/x/net,v0.33.0,gobinary,CVE-2026-25680,MEDIUM,https://avd.aquasec.com/nvd/cve-2026-25680,pod_nanny,0.55.0,false,not_affected,vulnerable_code_not_present
rancher/hardened-addon-resizer:1.8.23-build20260604,rke2/v1.33.13,golang.org/x/net,v0.33.0,gobinary,CVE-2026-25681,HIGH,https://avd.aquasec.com/nvd/cve-2026-25681,pod_nanny,0.55.0,false,not_affected,vulnerable_code_not_present
rancher/hardened-addon-resizer:1.8.23-build20260604,rke2/v1.33.13,golang.org/x/net,v0.33.0,gobinary,CVE-2026-27136,HIGH,https://avd.aquasec.com/nvd/cve-2026-27136,pod_nanny,0.55.0,false,not_affected,vulnerable_code_not_present
rancher/hardened-addon-resizer:1.8.23-build20260604,rke2/v1.33.13,golang.org/x/net,v0.33.0,gobinary,CVE-2026-33814,HIGH,https://avd.aquasec.com/nvd/cve-2026-33814,pod_nanny,0.53.0,false,affected,
rancher/hardened-addon-resizer:1.8.23-build20260604,rke2/v1.33.13,golang.org/x/net,v0.33.0,gobinary,CVE-2026-39821,HIGH,https://avd.aquasec.com/nvd/cve-2026-39821,pod_nanny,0.55.0,false,affected,
rancher/hardened-addon-resizer:1.8.23-build20260604,rke2/v1.33.13,stdlib,v1.25.11,gobinary,CVE-2026-39822,HIGH,https://avd.aquasec.com/nvd/cve-2026-39822,pod_nanny,"1.25.12, 1.26.5, 1.27.0-rc.2",false,not_affected,vulnerable_code_not_in_execute_path
rancher/hardened-addon-resizer:1.8.23-build20260604,rke2/v1.33.13,golang.org/x/net,v0.33.0,gobinary,CVE-2026-42502,MEDIUM,https://avd.aquasec.com/nvd/cve-2026-42502,pod_nanny,0.55.0,false,not_affected,vulnerable_code_not_present
rancher/hardened-addon-resizer:1.8.23-build20260604,rke2/v1.33.13,stdlib,v1.25.11,gobinary,CVE-2026-42505,MEDIUM,https://avd.aquasec.com/nvd/cve-2026-42505,pod_nanny,"1.25.12, 1.26.5, 1.27.0-rc.2",false,not_affected,vulnerable_code_not_in_execute_path
rancher/hardened-addon-resizer:1.8.23-build20260604,rke2/v1.33.13,golang.org/x/net,v0.33.0,gobinary,CVE-2026-42506,MEDIUM,https://avd.aquasec.com/nvd/cve-2026-42506,pod_nanny,0.55.0,false,not_affected,vulnerable_code_not_present
rancher/hardened-addon-resizer:1.8.23-build20260604,rke2/v1.33.13,golang.org/x/text,v0.21.0,gobinary,CVE-2026-56852,HIGH,https://avd.aquasec.com/nvd/cve-2026-56852,pod_nanny,0.39.0,false,not_affected,vulnerable_code_not_in_execute_path
rancher/hardened-calico:v3.32.0-build20260604,rke2/v1.33.13,golang.org/x/net,v0.43.0,gobinary,CVE-2025-47911,MEDIUM,https://avd.aquasec.com/nvd/cve-2025-47911,opt/cni/bin/dhcp,0.45.0,false,not_affected,vulnerable_code_not_present
rancher/hardened-calico:v3.32.0-build20260604,rke2/v1.33.13,golang.org/x/net,v0.43.0,gobinary,CVE-2025-58190,MEDIUM,https://avd.aquasec.com/nvd/cve-2025-58190,opt/cni/bin/dhcp,0.45.0,false,not_affected,vulnerable_code_not_present
rancher/hardened-calico:v3.32.0-build20260604,rke2/v1.33.13,golang.org/x/net,v0.43.0,gobinary,CVE-2026-25680,MEDIUM,https://avd.aquasec.com/nvd/cve-2026-25680,opt/cni/bin/dhcp,0.55.0,false,not_affected,vulnerable_code_not_present
rancher/hardened-calico:v3.32.0-build20260604,rke2/v1.33.13,golang.org/x/net,v0.49.0,gobinary,CVE-2026-25680,MEDIUM,https://avd.aquasec.com/nvd/cve-2026-25680,calicoctl,0.55.0,false,not_affected,vulnerable_code_not_in_execute_path
rancher/hardened-calico:v3.32.0-build20260604,rke2/v1.33.13,golang.org/x/net,v0.49.0,gobinary,CVE-2026-25680,MEDIUM,https://avd.aquasec.com/nvd/cve-2026-25680,opt/cni/bin/calico,0.55.0,false,not_affected,vulnerable_code_not_in_execute_path
rancher/hardened-calico:v3.32.0-build20260604,rke2/v1.33.13,golang.org/x/net,v0.49.0,gobinary,CVE-2026-25680,MEDIUM,https://avd.aquasec.com/nvd/cve-2026-25680,opt/cni/bin/calico-ipam,0.55.0,false,not_affected,vulnerable_code_not_in_execute_path
rancher/hardened-calico:v3.32.0-build20260604,rke2/v1.33.13,golang.org/x/net,v0.49.0,gobinary,CVE-2026-25680,MEDIUM,https://avd.aquasec.com/nvd/cve-2026-25680,opt/cni/bin/install,0.55.0,false,not_affected,vulnerable_code_not_in_execute_path
rancher/hardened-calico:v3.32.0-build20260604,rke2/v1.33.13,golang.org/x/net,v0.49.0,gobinary,CVE-2026-25680,MEDIUM,https://avd.aquasec.com/nvd/cve-2026-25680,usr/bin/calico-node,0.55.0,false,not_affected,vulnerable_code_not_in_execute_path
rancher/hardened-calico:v3.32.0-build20260604,rke2/v1.33.13,golang.org/x/net,v0.49.0,gobinary,CVE-2026-25680,MEDIUM,https://avd.aquasec.com/nvd/cve-2026-25680,usr/bin/kube-controllers,0.55.0,false,not_affected,vulnerable_code_not_in_execute_path
rancher/hardened-calico:v3.32.0-build20260604,rke2/v1.33.13,golang.org/x/net,v0.43.0,gobinary,CVE-2026-25681,HIGH,https://avd.aquasec.com/nvd/cve-2026-25681,opt/cni/bin/dhcp,0.55.0,false,not_affected,vulnerable_code_not_present
rancher/hardened-calico:v3.32.0-build20260604,rke2/v1.33.13,golang.org/x/net,v0.49.0,gobinary,CVE-2026-25681,HIGH,https://avd.aquasec.com/nvd/cve-2026-25681,calicoctl,0.55.0,false,not_affected,vulnerable_code_not_in_execute_path
rancher/hardened-calico:v3.32.0-build20260604,rke2/v1.33.13,golang.org/x/net,v0.49.0,gobinary,CVE-2026-25681,HIGH,https://avd.aquasec.com/nvd/cve-2026-25681,opt/cni/bin/calico,0.55.0,false,not_affected,vulnerable_code_not_in_execute_path
rancher/hardened-calico:v3.32.0-build20260604,rke2/v1.33.13,golang.org/x/net,v0.49.0,gobinary,CVE-2026-25681,HIGH,https://avd.aquasec.com/nvd/cve-2026-25681,opt/cni/bin/calico-ipam,0.55.0,false,not_affected,vulnerable_code_not_in_execute_path
rancher/hardened-calico:v3.32.0-build20260604,rke2/v1.33.13,golang.org/x/net,v0.49.0,gobinary,CVE-2026-25681,HIGH,https://avd.aquasec.com/nvd/cve-2026-25681,opt/cni/bin/install,0.55.0,false,not_affected,vulnerable_code_not_in_execute_path
rancher/hardened-calico:v3.32.0-build20260604,rke2/v1.33.13,golang.org/x/net,v0.49.0,gobinary,CVE-2026-25681,HIGH,https://avd.aquasec.com/nvd/cve-2026-25681,usr/bin/calico-node,0.55.0,false,not_affected,vulnerable_code_not_in_execute_path
rancher/hardened-calico:v3.32.0-build20260604,rke2/v1.33.13,golang.org/x/net,v0.49.0,gobinary,CVE-2026-25681,HIGH,https://avd.aquasec.com/nvd/cve-2026-25681,usr/bin/kube-controllers,0.55.0,false,not_affected,vulnerable_code_not_in_execute_path
rancher/hardened-calico:v3.32.0-build20260604,rke2/v1.33.13,golang.org/x/net,v0.43.0,gobinary,CVE-2026-27136,HIGH,https://avd.aquasec.com/nvd/cve-2026-27136,opt/cni/bin/dhcp,0.55.0,false,not_affected,vulnerable_code_not_present
rancher/hardened-calico:v3.32.0-build20260604,rke2/v1.33.13,golang.org/x/net,v0.49.0,gobinary,CVE-2026-27136,HIGH,https://avd.aquasec.com/nvd/cve-2026-27136,calicoctl,0.55.0,false,not_affected,vulnerable_code_not_in_execute_path
rancher/hardened-calico:v3.32.0-build20260604,rke2/v1.33.13,golang.org/x/net,v0.49.0,gobinary,CVE-2026-27136,HIGH,https://avd.aquasec.com/nvd/cve-2026-27136,opt/cni/bin/calico,0.55.0,false,not_affected,vulnerable_code_not_in_execute_path
rancher/hardened-calico:v3.32.0-build20260604,rke2/v1.33.13,golang.org/x/net,v0.49.0,gobinary,CVE-2026-27136,HIGH,https://avd.aquasec.com/nvd/cve-2026-27136,opt/cni/bin/calico-ipam,0.55.0,false,not_affected,vulnerable_code_not_in_execute_path
rancher/hardened-calico:v3.32.0-build20260604,rke2/v1.33.13,golang.org/x/net,v0.49.0,gobinary,CVE-2026-27136,HIGH,https://avd.aquasec.com/nvd/cve-2026-27136,opt/cni/bin/install,0.55.0,false,not_affected,vulnerable_code_not_in_execute_path
rancher/hardened-calico:v3.32.0-build20260604,rke2/v1.33.13,golang.org/x/net,v0.49.0,gobinary,CVE-2026-27136,HIGH,https://avd.aquasec.com/nvd/cve-2026-27136,usr/bin/calico-node,0.55.0,false,not_affected,vulnerable_code_not_in_execute_path
rancher/hardened-calico:v3.32.0-build20260604,rke2/v1.33.13,golang.org/x/net,v0.49.0,gobinary,CVE-2026-27136,HIGH,https://avd.aquasec.com/nvd/cve-2026-27136,usr/bin/kube-controllers,0.55.0,false,not_affected,vulnerable_code_not_in_execute_path
rancher/hardened-calico:v3.32.0-build20260604,rke2/v1.33.13,golang.org/x/net,v0.43.0,gobinary,CVE-2026-33814,HIGH,https://avd.aquasec.com/nvd/cve-2026-33814,opt/cni/bin/dhcp,0.53.0,false,not_affected,vulnerable_code_not_present
rancher/hardened-calico:v3.32.0-build20260604,rke2/v1.33.13,golang.org/x/net,v0.49.0,gobinary,CVE-2026-33814,HIGH,https://avd.aquasec.com/nvd/cve-2026-33814,calicoctl,0.53.0,false,not_affected,vulnerable_code_not_in_execute_path
rancher/hardened-calico:v3.32.0-build20260604,rke2/v1.33.13,golang.org/x/net,v0.49.0,gobinary,CVE-2026-33814,HIGH,https://avd.aquasec.com/nvd/cve-2026-33814,opt/cni/bin/calico,0.53.0,false,not_affected,vulnerable_code_not_in_execute_path
rancher/hardened-calico:v3.32.0-build20260604,rke2/v1.33.13,golang.org/x/net,v0.49.0,gobinary,CVE-2026-33814,HIGH,https://avd.aquasec.com/nvd/cve-2026-33814,opt/cni/bin/calico-ipam,0.53.0,false,not_affected,vulnerable_code_not_in_execute_path
rancher/hardened-calico:v3.32.0-build20260604,rke2/v1.33.13,golang.org/x/net,v0.49.0,gobinary,CVE-2026-33814,HIGH,https://avd.aquasec.com/nvd/cve-2026-33814,opt/cni/bin/install,0.53.0,false,not_affected,vulnerable_code_not_in_execute_path
rancher/hardened-calico:v3.32.0-build20260604,rke2/v1.33.13,golang.org/x/net,v0.49.0,gobinary,CVE-2026-33814,HIGH,https://avd.aquasec.com/nvd/cve-2026-33814,usr/bin/calico-node,0.53.0,false,not_affected,vulnerable_code_not_in_execute_path
rancher/hardened-calico:v3.32.0-build20260604,rke2/v1.33.13,golang.org/x/net,v0.49.0,gobinary,CVE-2026-33814,HIGH,https://avd.aquasec.com/nvd/cve-2026-33814,usr/bin/kube-controllers,0.53.0,false,not_affected,vulnerable_code_not_in_execute_path
rancher/hardened-calico:v3.32.0-build20260604,rke2/v1.33.13,golang.org/x/net,v0.43.0,gobinary,CVE-2026-39821,HIGH,https://avd.aquasec.com/nvd/cve-2026-39821,opt/cni/bin/dhcp,0.55.0,false,not_affected,vulnerable_code_not_present
rancher/hardened-calico:v3.32.0-build20260604,rke2/v1.33.13,golang.org/x/net,v0.49.0,gobinary,CVE-2026-39821,HIGH,https://avd.aquasec.com/nvd/cve-2026-39821,calicoctl,0.55.0,false,not_affected,vulnerable_code_not_in_execute_path
rancher/hardened-calico:v3.32.0-build20260604,rke2/v1.33.13,golang.org/x/net,v0.49.0,gobinary,CVE-2026-39821,HIGH,https://avd.aquasec.com/nvd/cve-2026-39821,opt/cni/bin/calico,0.55.0,false,not_affected,vulnerable_code_not_in_execute_path
rancher/hardened-calico:v3.32.0-build20260604,rke2/v1.33.13,golang.org/x/net,v0.49.0,gobinary,CVE-2026-39821,HIGH,https://avd.aquasec.com/nvd/cve-2026-39821,opt/cni/bin/calico-ipam,0.55.0,false,not_affected,vulnerable_code_not_in_execute_path
rancher/hardened-calico:v3.32.0-build20260604,rke2/v1.33.13,golang.org/x/net,v0.49.0,gobinary,CVE-2026-39821,HIGH,https://avd.aquasec.com/nvd/cve-2026-39821,opt/cni/bin/install,0.55.0,false,not_affected,vulnerable_code_not_in_execute_path
rancher/hardened-calico:v3.32.0-build20260604,rke2/v1.33.13,golang.org/x/net,v0.49.0,gobinary,CVE-2026-39821,HIGH,https://avd.aquasec.com/nvd/cve-2026-39821,usr/bin/calico-node,0.55.0,false,not_affected,vulnerable_code_not_in_execute_path
rancher/hardened-calico:v3.32.0-build20260604,rke2/v1.33.13,golang.org/x/net,v0.49.0,gobinary,CVE-2026-39821,HIGH,https://avd.aquasec.com/nvd/cve-2026-39821,usr/bin/kube-controllers,0.55.0,false,not_affected,vulnerable_code_not_in_execute_path
rancher/hardened-calico:v3.32.0-build20260604,rke2/v1.33.13,stdlib,v1.25.11,gobinary,CVE-2026-39822,HIGH,https://avd.aquasec.com/nvd/cve-2026-39822,calicoctl,"1.25.12, 1.26.5, 1.27.0-rc.2",false,not_affected,vulnerable_code_not_in_execute_path
rancher/hardened-calico:v3.32.0-build20260604,rke2/v1.33.13,stdlib,v1.25.11,gobinary,CVE-2026-39822,HIGH,https://avd.aquasec.com/nvd/cve-2026-39822,opt/cni/bin/bandwidth,"1.25.12, 1.26.5, 1.27.0-rc.2",false,not_affected,vulnerable_code_not_in_execute_path
rancher/hardened-calico:v3.32.0-build20260604,rke2/v1.33.13,stdlib,v1.25.11,gobinary,CVE-2026-39822,HIGH,https://avd.aquasec.com/nvd/cve-2026-39822,opt/cni/bin/bond,"1.25.12, 1.26.5, 1.27.0-rc.2",false,not_affected,vulnerable_code_not_in_execute_path
rancher/hardened-calico:v3.32.0-build20260604,rke2/v1.33.13,stdlib,v1.25.11,gobinary,CVE-2026-39822,HIGH,https://avd.aquasec.com/nvd/cve-2026-39822,opt/cni/bin/bridge,"1.25.12, 1.26.5, 1.27.0-rc.2",false,not_affected,vulnerable_code_not_in_execute_path
rancher/hardened-calico:v3.32.0-build20260604,rke2/v1.33.13,stdlib,v1.25.11,gobinary,CVE-2026-39822,HIGH,https://avd.aquasec.com/nvd/cve-2026-39822,opt/cni/bin/calico,"1.25.12, 1.26.5, 1.27.0-rc.2",false,not_affected,vulnerable_code_not_in_execute_path
rancher/hardened-calico:v3.32.0-build20260604,rke2/v1.33.13,stdlib,v1.25.11,gobinary,CVE-2026-39822,HIGH,https://avd.aquasec.com/nvd/cve-2026-39822,opt/cni/bin/calico-ipam,"1.25.12, 1.26.5, 1.27.0-rc.2",false,not_affected,vulnerable_code_not_in_execute_path
rancher/hardened-calico:v3.32.0-build20260604,rke2/v1.33.13,stdlib,v1.25.11,gobinary,CVE-2026-39822,HIGH,https://avd.aquasec.com/nvd/cve-2026-39822,opt/cni/bin/dhcp,"1.25.12, 1.26.5, 1.27.0-rc.2",false,not_affected,vulnerable_code_not_in_execute_path
rancher/hardened-calico:v3.32.0-build20260604,rke2/v1.33.13,stdlib,v1.25.11,gobinary,CVE-2026-39822,HIGH,https://avd.aquasec.com/nvd/cve-2026-39822,opt/cni/bin/dummy,"1.25.12, 1.26.5, 1.27.0-rc.2",false,not_affected,vulnerable_code_not_in_execute_path
rancher/hardened-calico:v3.32.0-build20260604,rke2/v1.33.13,stdlib,v1.25.11,gobinary,CVE-2026-39822,HIGH,https://avd.aquasec.com/nvd/cve-2026-39822,opt/cni/bin/firewall,"1.25.12, 1.26.5, 1.27.0-rc.2",false,not_affected,vulnerable_code_not_in_execute_path
rancher/hardened-calico:v3.32.0-build20260604,rke2/v1.33.13,stdlib,v1.25.11,gobinary,CVE-2026-39822,HIGH,https://avd.aquasec.com/nvd/cve-2026-39822,opt/cni/bin/flannel,"1.25.12, 1.26.5, 1.27.0-rc.2",false,not_affected,vulnerable_code_not_in_execute_path
rancher/hardened-calico:v3.32.0-build20260604,rke2/v1.33.13,stdlib,v1.25.11,gobinary,CVE-2026-39822,HIGH,https://avd.aquasec.com/nvd/cve-2026-39822,opt/cni/bin/host-device,"1.25.12, 1.26.5, 1.27.0-rc.2",false,not_affected,vulnerable_code_not_in_execute_path
rancher/hardened-calico:v3.32.0-build20260604,rke2/v1.33.13,stdlib,v1.25.11,gobinary,CVE-2026-39822,HIGH,https://avd.aquasec.com/nvd/cve-2026-39822,opt/cni/bin/host-local,"1.25.12, 1.26.5, 1.27.0-rc.2",false,not_affected,vulnerable_code_not_in_execute_path
rancher/hardened-calico:v3.32.0-build20260604,rke2/v1.33.13,stdlib,v1.25.11,gobinary,CVE-2026-39822,HIGH,https://avd.aquasec.com/nvd/cve-2026-39822,opt/cni/bin/install,"1.25.12, 1.26.5, 1.27.0-rc.2",false,not_affected,vulnerable_code_not_in_execute_path
rancher/hardened-calico:v3.32.0-build20260604,rke2/v1.33.13,stdlib,v1.25.11,gobinary,CVE-2026-39822,HIGH,https://avd.aquasec.com/nvd/cve-2026-39822,opt/cni/bin/ipvlan,"1.25.12, 1.26.5, 1.27.0-rc.2",false,not_affected,vulnerable_code_not_in_execute_path
rancher/hardened-calico:v3.32.0-build20260604,rke2/v1.33.13,stdlib,v1.25.11,gobinary,CVE-2026-39822,HIGH,https://avd.aquasec.com/nvd/cve-2026-39822,opt/cni/bin/loopback,"1.25.12, 1.26.5, 1.27.0-rc.2",false,not_affected,vulnerable_code_not_in_execute_path
rancher/hardened-calico:v3.32.0-build20260604,rke2/v1.33.13,stdlib,v1.25.11,gobinary,CVE-2026-39822,HIGH,https://avd.aquasec.com/nvd/cve-2026-39822,opt/cni/bin/macvlan,"1.25.12, 1.26.5, 1.27.0-rc.2",false,not_affected,vulnerable_code_not_in_execute_path
rancher/hardened-calico:v3.32.0-build20260604,rke2/v1.33.13,stdlib,v1.25.11,gobinary,CVE-2026-39822,HIGH,https://avd.aquasec.com/nvd/cve-2026-39822,opt/cni/bin/portmap,"1.25.12, 1.26.5, 1.27.0-rc.2",false,not_affected,vulnerable_code_not_in_execute_path
rancher/hardened-calico:v3.32.0-build20260604,rke2/v1.33.13,stdlib,v1.25.11,gobinary,CVE-2026-39822,HIGH,https://avd.aquasec.com/nvd/cve-2026-39822,opt/cni/bin/ptp,"1.25.12, 1.26.5, 1.27.0-rc.2",false,not_affected,vulnerable_code_not_in_execute_path
rancher/hardened-calico:v3.32.0-build20260604,rke2/v1.33.13,stdlib,v1.25.11,gobinary,CVE-2026-39822,HIGH,https://avd.aquasec.com/nvd/cve-2026-39822,opt/cni/bin/sbr,"1.25.12, 1.26.5, 1.27.0-rc.2",false,not_affected,vulnerable_code_not_in_execute_path
rancher/hardened-calico:v3.32.0-build20260604,rke2/v1.33.13,stdlib,v1.25.11,gobinary,CVE-2026-39822,HIGH,https://avd.aquasec.com/nvd/cve-2026-39822,opt/cni/bin/static,"1.25.12, 1.26.5, 1.27.0-rc.2",false,not_affected,vulnerable_code_not_in_execute_path
rancher/hardened-calico:v3.32.0-build20260604,rke2/v1.33.13,stdlib,v1.25.11,gobinary,CVE-2026-39822,HIGH,https://avd.aquasec.com/nvd/cve-2026-39822,opt/cni/bin/tap,"1.25.12, 1.26.5, 1.27.0-rc.2",false,not_affected,vulnerable_code_not_in_execute_path
rancher/hardened-calico:v3.32.0-build20260604,rke2/v1.33.13,stdlib,v1.25.11,gobinary,CVE-2026-39822,HIGH,https://avd.aquasec.com/nvd/cve-2026-39822,opt/cni/bin/tuning,"1.25.12, 1.26.5, 1.27.0-rc.2",false,not_affected,vulnerable_code_not_in_execute_path
rancher/hardened-calico:v3.32.0-build20260604,rke2/v1.33.13,stdlib,v1.25.11,gobinary,CVE-2026-39822,HIGH,https://avd.aquasec.com/nvd/cve-2026-39822,opt/cni/bin/vlan,"1.25.12, 1.26.5, 1.27.0-rc.2",false,not_affected,vulnerable_code_not_in_execute_path
rancher/hardened-calico:v3.32.0-build20260604,rke2/v1.33.13,stdlib,v1.25.11,gobinary,CVE-2026-39822,HIGH,https://avd.aquasec.com/nvd/cve-2026-39822,opt/cni/bin/vrf,"1.25.12, 1.26.5, 1.27.0-rc.2",false,not_affected,vulnerable_code_not_in_execute_path
rancher/hardened-calico:v3.32.0-build20260604,rke2/v1.33.13,stdlib,v1.25.11,gobinary,CVE-2026-39822,HIGH,https://avd.aquasec.com/nvd/cve-2026-39822,usr/bin/calico-node,"1.25.12, 1.26.5, 1.27.0-rc.2",false,not_affected,vulnerable_code_not_in_execute_path
rancher/hardened-calico:v3.32.0-build20260604,rke2/v1.33.13,stdlib,v1.25.11,gobinary,CVE-2026-39822,HIGH,https://avd.aquasec.com/nvd/cve-2026-39822,usr/bin/check-status,"1.25.12, 1.26.5, 1.27.0-rc.2",false,not_affected,vulnerable_code_not_in_execute_path
rancher/hardened-calico:v3.32.0-build20260604,rke2/v1.33.13,stdlib,v1.25.11,gobinary,CVE-2026-39822,HIGH,https://avd.aquasec.com/nvd/cve-2026-39822,usr/bin/kube-controllers,"1.25.12, 1.26.5, 1.27.0-rc.2",false,not_affected,vulnerable_code_not_in_execute_path
rancher/hardened-calico:v3.32.0-build20260604,rke2/v1.33.13,stdlib,v1.25.11,gobinary,CVE-2026-39822,HIGH,https://avd.aquasec.com/nvd/cve-2026-39822,usr/local/bin/flexvol/flexvoldriver,"1.25.12, 1.26.5, 1.27.0-rc.2",false,not_affected,vulnerable_code_not_in_execute_path
rancher/hardened-calico:v3.32.0-build20260604,rke2/v1.33.13,golang.org/x/crypto,v0.47.0,gobinary,CVE-2026-39827,MEDIUM,https://avd.aquasec.com/nvd/cve-2026-39827,calicoctl,0.52.0,false,not_affected,vulnerable_code_not_present
rancher/hardened-calico:v3.32.0-build20260604,rke2/v1.33.13,golang.org/x/crypto,v0.47.0,gobinary,CVE-2026-39827,MEDIUM,https://avd.aquasec.com/nvd/cve-2026-39827,opt/cni/bin/calico,0.52.0,false,not_affected,vulnerable_code_not_present
rancher/hardened-calico:v3.32.0-build20260604,rke2/v1.33.13,golang.org/x/crypto,v0.47.0,gobinary,CVE-2026-39827,MEDIUM,https://avd.aquasec.com/nvd/cve-2026-39827,opt/cni/bin/calico-ipam,0.52.0,false,not_affected,vulnerable_code_not_present
rancher/hardened-calico:v3.32.0-build20260604,rke2/v1.33.13,golang.org/x/crypto,v0.47.0,gobinary,CVE-2026-39827,MEDIUM,https://avd.aquasec.com/nvd/cve-2026-39827,usr/bin/calico-node,0.52.0,false,not_affected,vulnerable_code_not_present
rancher/hardened-calico:v3.32.0-build20260604,rke2/v1.33.13,golang.org/x/crypto,v0.47.0,gobinary,CVE-2026-39827,MEDIUM,https://avd.aquasec.com/nvd/cve-2026-39827,usr/bin/kube-controllers,0.52.0,false,not_affected,vulnerable_code_not_present
rancher/hardened-calico:v3.32.0-build20260604,rke2/v1.33.13,golang.org/x/crypto,v0.47.0,gobinary,CVE-2026-39828,HIGH,https://avd.aquasec.com/nvd/cve-2026-39828,calicoctl,0.52.0,false,not_affected,vulnerable_code_not_present
rancher/hardened-calico:v3.32.0-build20260604,rke2/v1.33.13,golang.org/x/crypto,v0.47.0,gobinary,CVE-2026-39828,HIGH,https://avd.aquasec.com/nvd/cve-2026-39828,opt/cni/bin/calico,0.52.0,false,not_affected,vulnerable_code_not_present
rancher/hardened-calico:v3.32.0-build20260604,rke2/v1.33.13,golang.org/x/crypto,v0.47.0,gobinary,CVE-2026-39828,HIGH,https://avd.aquasec.com/nvd/cve-2026-39828,opt/cni/bin/calico-ipam,0.52.0,false,not_affected,vulnerable_code_not_present
rancher/hardened-calico:v3.32.0-build20260604,rke2/v1.33.13,golang.org/x/crypto,v0.47.0,gobinary,CVE-2026-39828,HIGH,https://avd.aquasec.com/nvd/cve-2026-39828,usr/bin/calico-node,0.52.0,false,not_affected,vulnerable_code_not_present
rancher/hardened-calico:v3.32.0-build20260604,rke2/v1.33.13,golang.org/x/crypto,v0.47.0,gobinary,CVE-2026-39828,HIGH,https://avd.aquasec.com/nvd/cve-2026-39828,usr/bin/kube-controllers,0.52.0,false,not_affected,vulnerable_code_not_present
rancher/hardened-calico:v3.32.0-build20260604,rke2/v1.33.13,golang.org/x/crypto,v0.47.0,gobinary,CVE-2026-39829,HIGH,https://avd.aquasec.com/nvd/cve-2026-39829,calicoctl,0.52.0,false,not_affected,vulnerable_code_not_present
rancher/hardened-calico:v3.32.0-build20260604,rke2/v1.33.13,golang.org/x/crypto,v0.47.0,gobinary,CVE-2026-39829,HIGH,https://avd.aquasec.com/nvd/cve-2026-39829,opt/cni/bin/calico,0.52.0,false,not_affected,vulnerable_code_not_present
rancher/hardened-calico:v3.32.0-build20260604,rke2/v1.33.13,golang.org/x/crypto,v0.47.0,gobinary,CVE-2026-39829,HIGH,https://avd.aquasec.com/nvd/cve-2026-39829,opt/cni/bin/calico-ipam,0.52.0,false,not_affected,vulnerable_code_not_present
rancher/hardened-calico:v3.32.0-build20260604,rke2/v1.33.13,golang.org/x/crypto,v0.47.0,gobinary,CVE-2026-39829,HIGH,https://avd.aquasec.com/nvd/cve-2026-39829,usr/bin/calico-node,0.52.0,false,not_affected,vulnerable_code_not_present
rancher/hardened-calico:v3.32.0-build20260604,rke2/v1.33.13,golang.org/x/crypto,v0.47.0,gobinary,CVE-2026-39829,HIGH,https://avd.aquasec.com/nvd/cve-2026-39829,usr/bin/kube-controllers,0.52.0,false,not_affected,vulnerable_code_not_present
rancher/hardened-calico:v3.32.0-build20260604,rke2/v1.33.13,golang.org/x/crypto,v0.47.0,gobinary,CVE-2026-39830,HIGH,https://avd.aquasec.com/nvd/cve-2026-39830,calicoctl,0.52.0,false,not_affected,vulnerable_code_not_present
rancher/hardened-calico:v3.32.0-build20260604,rke2/v1.33.13,golang.org/x/crypto,v0.47.0,gobinary,CVE-2026-39830,HIGH,https://avd.aquasec.com/nvd/cve-2026-39830,opt/cni/bin/calico,0.52.0,false,not_affected,vulnerable_code_not_present
rancher/hardened-calico:v3.32.0-build20260604,rke2/v1.33.13,golang.org/x/crypto,v0.47.0,gobinary,CVE-2026-39830,HIGH,https://avd.aquasec.com/nvd/cve-2026-39830,opt/cni/bin/calico-ipam,0.52.0,false,not_affected,vulnerable_code_not_present
rancher/hardened-calico:v3.32.0-build20260604,rke2/v1.33.13,golang.org/x/crypto,v0.47.0,gobinary,CVE-2026-39830,HIGH,https://avd.aquasec.com/nvd/cve-2026-39830,usr/bin/calico-node,0.52.0,false,not_affected,vulnerable_code_not_present
rancher/hardened-calico:v3.32.0-build20260604,rke2/v1.33.13,golang.org/x/crypto,v0.47.0,gobinary,CVE-2026-39830,HIGH,https://avd.aquasec.com/nvd/cve-2026-39830,usr/bin/kube-controllers,0.52.0,false,not_affected,vulnerable_code_not_present
rancher/hardened-calico:v3.32.0-build20260604,rke2/v1.33.13,golang.org/x/crypto,v0.47.0,gobinary,CVE-2026-39831,HIGH,https://avd.aquasec.com/nvd/cve-2026-39831,calicoctl,0.52.0,false,not_affected,vulnerable_code_not_present
rancher/hardened-calico:v3.32.0-build20260604,rke2/v1.33.13,golang.org/x/crypto,v0.47.0,gobinary,CVE-2026-39831,HIGH,https://avd.aquasec.com/nvd/cve-2026-39831,opt/cni/bin/calico,0.52.0,false,not_affected,vulnerable_code_not_present
rancher/hardened-calico:v3.32.0-build20260604,rke2/v1.33.13,golang.org/x/crypto,v0.47.0,gobinary,CVE-2026-39831,HIGH,https://avd.aquasec.com/nvd/cve-2026-39831,opt/cni/bin/calico-ipam,0.52.0,false,not_affected,vulnerable_code_not_present
rancher/hardened-calico:v3.32.0-build20260604,rke2/v1.33.13,golang.org/x/crypto,v0.47.0,gobinary,CVE-2026-39831,HIGH,https://avd.aquasec.com/nvd/cve-2026-39831,usr/bin/calico-node,0.52.0,false,not_affected,vulnerable_code_not_present
rancher/hardened-calico:v3.32.0-build20260604,rke2/v1.33.13,golang.org/x/crypto,v0.47.0,gobinary,CVE-2026-39831,HIGH,https://avd.aquasec.com/nvd/cve-2026-39831,usr/bin/kube-controllers,0.52.0,false,not_affected,vulnerable_code_not_present
rancher/hardened-calico:v3.32.0-build20260604,rke2/v1.33.13,golang.org/x/crypto,v0.47.0,gobinary,CVE-2026-39832,HIGH,https://avd.aquasec.com/nvd/cve-2026-39832,calicoctl,0.52.0,false,not_affected,vulnerable_code_not_present
rancher/hardened-calico:v3.32.0-build20260604,rke2/v1.33.13,golang.org/x/crypto,v0.47.0,gobinary,CVE-2026-39832,HIGH,https://avd.aquasec.com/nvd/cve-2026-39832,opt/cni/bin/calico,0.52.0,false,not_affected,vulnerable_code_not_present
rancher/hardened-calico:v3.32.0-build20260604,rke2/v1.33.13,golang.org/x/crypto,v0.47.0,gobinary,CVE-2026-39832,HIGH,https://avd.aquasec.com/nvd/cve-2026-39832,opt/cni/bin/calico-ipam,0.52.0,false,not_affected,vulnerable_code_not_present
rancher/hardened-calico:v3.32.0-build20260604,rke2/v1.33.13,golang.org/x/crypto,v0.47.0,gobinary,CVE-2026-39832,HIGH,https://avd.aquasec.com/nvd/cve-2026-39832,usr/bin/calico-node,0.52.0,false,not_affected,vulnerable_code_not_present
rancher/hardened-calico:v3.32.0-build20260604,rke2/v1.33.13,golang.org/x/crypto,v0.47.0,gobinary,CVE-2026-39832,HIGH,https://avd.aquasec.com/nvd/cve-2026-39832,usr/bin/kube-controllers,0.52.0,false,not_affected,vulnerable_code_not_present
rancher/hardened-calico:v3.32.0-build20260604,rke2/v1.33.13,golang.org/x/crypto,v0.47.0,gobinary,CVE-2026-39833,MEDIUM,https://avd.aquasec.com/nvd/cve-2026-39833,calicoctl,0.52.0,false,not_affected,vulnerable_code_not_present
rancher/hardened-calico:v3.32.0-build20260604,rke2/v1.33.13,golang.org/x/crypto,v0.47.0,gobinary,CVE-2026-39833,MEDIUM,https://avd.aquasec.com/nvd/cve-2026-39833,opt/cni/bin/calico,0.52.0,false,not_affected,vulnerable_code_not_present
rancher/hardened-calico:v3.32.0-build20260604,rke2/v1.33.13,golang.org/x/crypto,v0.47.0,gobinary,CVE-2026-39833,MEDIUM,https://avd.aquasec.com/nvd/cve-2026-39833,opt/cni/bin/calico-ipam,0.52.0,false,not_affected,vulnerable_code_not_present
rancher/hardened-calico:v3.32.0-build20260604,rke2/v1.33.13,golang.org/x/crypto,v0.47.0,gobinary,CVE-2026-39833,MEDIUM,https://avd.aquasec.com/nvd/cve-2026-39833,usr/bin/calico-node,0.52.0,false,not_affected,vulnerable_code_not_present
rancher/hardened-calico:v3.32.0-build20260604,rke2/v1.33.13,golang.org/x/crypto,v0.47.0,gobinary,CVE-2026-39833,MEDIUM,https://avd.aquasec.com/nvd/cve-2026-39833,usr/bin/kube-controllers,0.52.0,false,not_affected,vulnerable_code_not_present
rancher/hardened-calico:v3.32.0-build20260604,rke2/v1.33.13,golang.org/x/crypto,v0.47.0,gobinary,CVE-2026-39834,MEDIUM,https://avd.aquasec.com/nvd/cve-2026-39834,calicoctl,0.52.0,false,not_affected,vulnerable_code_not_present
rancher/hardened-calico:v3.32.0-build20260604,rke2/v1.33.13,golang.org/x/crypto,v0.47.0,gobinary,CVE-2026-39834,MEDIUM,https://avd.aquasec.com/nvd/cve-2026-39834,opt/cni/bin/calico,0.52.0,false,not_affected,vulnerable_code_not_present
rancher/hardened-calico:v3.32.0-build20260604,rke2/v1.33.13,golang.org/x/crypto,v0.47.0,gobinary,CVE-2026-39834,MEDIUM,https://avd.aquasec.com/nvd/cve-2026-39834,opt/cni/bin/calico-ipam,0.52.0,false,not_affected,vulnerable_code_not_present
rancher/hardened-calico:v3.32.0-build20260604,rke2/v1.33.13,golang.org/x/crypto,v0.47.0,gobinary,CVE-2026-39834,MEDIUM,https://avd.aquasec.com/nvd/cve-2026-39834,usr/bin/calico-node,0.52.0,false,not_affected,vulnerable_code_not_present
rancher/hardened-calico:v3.32.0-build20260604,rke2/v1.33.13,golang.org/x/crypto,v0.47.0,gobinary,CVE-2026-39834,MEDIUM,https://avd.aquasec.com/nvd/cve-2026-39834,usr/bin/kube-controllers,0.52.0,false,not_affected,vulnerable_code_not_present
rancher/hardened-calico:v3.32.0-build20260604,rke2/v1.33.13,golang.org/x/crypto,v0.47.0,gobinary,CVE-2026-39835,HIGH,https://avd.aquasec.com/nvd/cve-2026-39835,calicoctl,0.52.0,false,not_affected,vulnerable_code_not_present
rancher/hardened-calico:v3.32.0-build20260604,rke2/v1.33.13,golang.org/x/crypto,v0.47.0,gobinary,CVE-2026-39835,HIGH,https://avd.aquasec.com/nvd/cve-2026-39835,opt/cni/bin/calico,0.52.0,false,not_affected,vulnerable_code_not_present
rancher/hardened-calico:v3.32.0-build20260604,rke2/v1.33.13,golang.org/x/crypto,v0.47.0,gobinary,CVE-2026-39835,HIGH,https://avd.aquasec.com/nvd/cve-2026-39835,opt/cni/bin/calico-ipam,0.52.0,false,not_affected,vulnerable_code_not_present
rancher/hardened-calico:v3.32.0-build20260604,rke2/v1.33.13,golang.org/x/crypto,v0.47.0,gobinary,CVE-2026-39835,HIGH,https://avd.aquasec.com/nvd/cve-2026-39835,usr/bin/calico-node,0.52.0,false,not_affected,vulnerable_code_not_present
rancher/hardened-calico:v3.32.0-build20260604,rke2/v1.33.13,golang.org/x/crypto,v0.47.0,gobinary,CVE-2026-39835,HIGH,https://avd.aquasec.com/nvd/cve-2026-39835,usr/bin/kube-controllers,0.52.0,false,not_affected,vulnerable_code_not_present
rancher/hardened-calico:v3.32.0-build20260604,rke2/v1.33.13,golang.org/x/net,v0.43.0,gobinary,CVE-2026-42502,MEDIUM,https://avd.aquasec.com/nvd/cve-2026-42502,opt/cni/bin/dhcp,0.55.0,false,not_affected,vulnerable_code_not_present
rancher/hardened-calico:v3.32.0-build20260604,rke2/v1.33.13,golang.org/x/net,v0.49.0,gobinary,CVE-2026-42502,MEDIUM,https://avd.aquasec.com/nvd/cve-2026-42502,calicoctl,0.55.0,false,not_affected,vulnerable_code_not_in_execute_path
rancher/hardened-calico:v3.32.0-build20260604,rke2/v1.33.13,golang.org/x/net,v0.49.0,gobinary,CVE-2026-42502,MEDIUM,https://avd.aquasec.com/nvd/cve-2026-42502,opt/cni/bin/calico,0.55.0,false,not_affected,vulnerable_code_not_in_execute_path
rancher/hardened-calico:v3.32.0-build20260604,rke2/v1.33.13,golang.org/x/net,v0.49.0,gobinary,CVE-2026-42502,MEDIUM,https://avd.aquasec.com/nvd/cve-2026-42502,opt/cni/bin/calico-ipam,0.55.0,false,not_affected,vulnerable_code_not_in_execute_path
rancher/hardened-calico:v3.32.0-build20260604,rke2/v1.33.13,golang.org/x/net,v0.49.0,gobinary,CVE-2026-42502,MEDIUM,https://avd.aquasec.com/nvd/cve-2026-42502,opt/cni/bin/install,0.55.0,false,not_affected,vulnerable_code_not_in_execute_path
rancher/hardened-calico:v3.32.0-build20260604,rke2/v1.33.13,golang.org/x/net,v0.49.0,gobinary,CVE-2026-42502,MEDIUM,https://avd.aquasec.com/nvd/cve-2026-42502,usr/bin/calico-node,0.55.0,false,not_affected,vulnerable_code_not_in_execute_path
rancher/hardened-calico:v3.32.0-build20260604,rke2/v1.33.13,golang.org/x/net,v0.49.0,gobinary,CVE-2026-42502,MEDIUM,https://avd.aquasec.com/nvd/cve-2026-42502,usr/bin/kube-controllers,0.55.0,false,not_affected,vulnerable_code_not_in_execute_path
rancher/hardened-calico:v3.32.0-build20260604,rke2/v1.33.13,stdlib,v1.25.11,gobinary,CVE-2026-42505,MEDIUM,https://avd.aquasec.com/nvd/cve-2026-42505,calicoctl,"1.25.12, 1.26.5, 1.27.0-rc.2",false,not_affected,vulnerable_code_not_present
rancher/hardened-calico:v3.32.0-build20260604,rke2/v1.33.13,stdlib,v1.25.11,gobinary,CVE-2026-42505,MEDIUM,https://avd.aquasec.com/nvd/cve-2026-42505,opt/cni/bin/bandwidth,"1.25.12, 1.26.5, 1.27.0-rc.2",false,not_affected,vulnerable_code_not_present
rancher/hardened-calico:v3.32.0-build20260604,rke2/v1.33.13,stdlib,v1.25.11,gobinary,CVE-2026-42505,MEDIUM,https://avd.aquasec.com/nvd/cve-2026-42505,opt/cni/bin/bond,"1.25.12, 1.26.5, 1.27.0-rc.2",false,not_affected,vulnerable_code_not_present
rancher/hardened-calico:v3.32.0-build20260604,rke2/v1.33.13,stdlib,v1.25.11,gobinary,CVE-2026-42505,MEDIUM,https://avd.aquasec.com/nvd/cve-2026-42505,opt/cni/bin/bridge,"1.25.12, 1.26.5, 1.27.0-rc.2",false,not_affected,vulnerable_code_not_present
rancher/hardened-calico:v3.32.0-build20260604,rke2/v1.33.13,stdlib,v1.25.11,gobinary,CVE-2026-42505,MEDIUM,https://avd.aquasec.com/nvd/cve-2026-42505,opt/cni/bin/calico,"1.25.12, 1.26.5, 1.27.0-rc.2",false,not_affected,vulnerable_code_not_present
rancher/hardened-calico:v3.32.0-build20260604,rke2/v1.33.13,stdlib,v1.25.11,gobinary,CVE-2026-42505,MEDIUM,https://avd.aquasec.com/nvd/cve-2026-42505,opt/cni/bin/calico-ipam,"1.25.12, 1.26.5, 1.27.0-rc.2",false,not_affected,vulnerable_code_not_present
rancher/hardened-calico:v3.32.0-build20260604,rke2/v1.33.13,stdlib,v1.25.11,gobinary,CVE-2026-42505,MEDIUM,https://avd.aquasec.com/nvd/cve-2026-42505,opt/cni/bin/dhcp,"1.25.12, 1.26.5, 1.27.0-rc.2",false,not_affected,vulnerable_code_not_present
rancher/hardened-calico:v3.32.0-build20260604,rke2/v1.33.13,stdlib,v1.25.11,gobinary,CVE-2026-42505,MEDIUM,https://avd.aquasec.com/nvd/cve-2026-42505,opt/cni/bin/dummy,"1.25.12, 1.26.5, 1.27.0-rc.2",false,not_affected,vulnerable_code_not_present
rancher/hardened-calico:v3.32.0-build20260604,rke2/v1.33.13,stdlib,v1.25.11,gobinary,CVE-2026-42505,MEDIUM,https://avd.aquasec.com/nvd/cve-2026-42505,opt/cni/bin/firewall,"1.25.12, 1.26.5, 1.27.0-rc.2",false,not_affected,vulnerable_code_not_present
rancher/hardened-calico:v3.32.0-build20260604,rke2/v1.33.13,stdlib,v1.25.11,gobinary,CVE-2026-42505,MEDIUM,https://avd.aquasec.com/nvd/cve-2026-42505,opt/cni/bin/flannel,"1.25.12, 1.26.5, 1.27.0-rc.2",false,not_affected,vulnerable_code_not_present
rancher/hardened-calico:v3.32.0-build20260604,rke2/v1.33.13,stdlib,v1.25.11,gobinary,CVE-2026-42505,MEDIUM,https://avd.aquasec.com/nvd/cve-2026-42505,opt/cni/bin/host-device,"1.25.12, 1.26.5, 1.27.0-rc.2",false,not_affected,vulnerable_code_not_present
rancher/hardened-calico:v3.32.0-build20260604,rke2/v1.33.13,stdlib,v1.25.11,gobinary,CVE-2026-42505,MEDIUM,https://avd.aquasec.com/nvd/cve-2026-42505,opt/cni/bin/host-local,"1.25.12, 1.26.5, 1.27.0-rc.2",false,not_affected,vulnerable_code_not_present
rancher/hardened-calico:v3.32.0-build20260604,rke2/v1.33.13,stdlib,v1.25.11,gobinary,CVE-2026-42505,MEDIUM,https://avd.aquasec.com/nvd/cve-2026-42505,opt/cni/bin/install,"1.25.12, 1.26.5, 1.27.0-rc.2",false,not_affected,vulnerable_code_not_present
rancher/hardened-calico:v3.32.0-build20260604,rke2/v1.33.13,stdlib,v1.25.11,gobinary,CVE-2026-42505,MEDIUM,https://avd.aquasec.com/nvd/cve-2026-42505,opt/cni/bin/ipvlan,"1.25.12, 1.26.5, 1.27.0-rc.2",false,not_affected,vulnerable_code_not_present
rancher/hardened-calico:v3.32.0-build20260604,rke2/v1.33.13,stdlib,v1.25.11,gobinary,CVE-2026-42505,MEDIUM,https://avd.aquasec.com/nvd/cve-2026-42505,opt/cni/bin/loopback,"1.25.12, 1.26.5, 1.27.0-rc.2",false,not_affected,vulnerable_code_not_present
rancher/hardened-calico:v3.32.0-build20260604,rke2/v1.33.13,stdlib,v1.25.11,gobinary,CVE-2026-42505,MEDIUM,https://avd.aquasec.com/nvd/cve-2026-42505,opt/cni/bin/macvlan,"1.25.12, 1.26.5, 1.27.0-rc.2",false,not_affected,vulnerable_code_not_present
rancher/hardened-calico:v3.32.0-build20260604,rke2/v1.33.13,stdlib,v1.25.11,gobinary,CVE-2026-42505,MEDIUM,https://avd.aquasec.com/nvd/cve-2026-42505,opt/cni/bin/portmap,"1.25.12, 1.26.5, 1.27.0-rc.2",false,not_affected,vulnerable_code_not_present
rancher/hardened-calico:v3.32.0-build20260604,rke2/v1.33.13,stdlib,v1.25.11,gobinary,CVE-2026-42505,MEDIUM,https://avd.aquasec.com/nvd/cve-2026-42505,opt/cni/bin/ptp,"1.25.12, 1.26.5, 1.27.0-rc.2",false,not_affected,vulnerable_code_not_present
rancher/hardened-calico:v3.32.0-build20260604,rke2/v1.33.13,stdlib,v1.25.11,gobinary,CVE-2026-42505,MEDIUM,https://avd.aquasec.com/nvd/cve-2026-42505,opt/cni/bin/sbr,"1.25.12, 1.26.5, 1.27.0-rc.2",false,not_affected,vulnerable_code_not_present
rancher/hardened-calico:v3.32.0-build20260604,rke2/v1.33.13,stdlib,v1.25.11,gobinary,CVE-2026-42505,MEDIUM,https://avd.aquasec.com/nvd/cve-2026-42505,opt/cni/bin/static,"1.25.12, 1.26.5, 1.27.0-rc.2",false,not_affected,vulnerable_code_not_present
rancher/hardened-calico:v3.32.0-build20260604,rke2/v1.33.13,stdlib,v1.25.11,gobinary,CVE-2026-42505,MEDIUM,https://avd.aquasec.com/nvd/cve-2026-42505,opt/cni/bin/tap,"1.25.12, 1.26.5, 1.27.0-rc.2",false,not_affected,vulnerable_code_not_present
rancher/hardened-calico:v3.32.0-build20260604,rke2/v1.33.13,stdlib,v1.25.11,gobinary,CVE-2026-42505,MEDIUM,https://avd.aquasec.com/nvd/cve-2026-42505,opt/cni/bin/tuning,"1.25.12, 1.26.5, 1.27.0-rc.2",false,not_affected,vulnerable_code_not_present
rancher/hardened-calico:v3.32.0-build20260604,rke2/v1.33.13,stdlib,v1.25.11,gobinary,CVE-2026-42505,MEDIUM,https://avd.aquasec.com/nvd/cve-2026-42505,opt/cni/bin/vlan,"1.25.12, 1.26.5, 1.27.0-rc.2",false,not_affected,vulnerable_code_not_present
rancher/hardened-calico:v3.32.0-build20260604,rke2/v1.33.13,stdlib,v1.25.11,gobinary,CVE-2026-42505,MEDIUM,https://avd.aquasec.com/nvd/cve-2026-42505,opt/cni/bin/vrf,"1.25.12, 1.26.5, 1.27.0-rc.2",false,not_affected,vulnerable_code_not_present
rancher/hardened-calico:v3.32.0-build20260604,rke2/v1.33.13,stdlib,v1.25.11,gobinary,CVE-2026-42505,MEDIUM,https://avd.aquasec.com/nvd/cve-2026-42505,usr/bin/calico-node,"1.25.12, 1.26.5, 1.27.0-rc.2",false,not_affected,vulnerable_code_not_present
rancher/hardened-calico:v3.32.0-build20260604,rke2/v1.33.13,stdlib,v1.25.11,gobinary,CVE-2026-42505,MEDIUM,https://avd.aquasec.com/nvd/cve-2026-42505,usr/bin/check-status,"1.25.12, 1.26.5, 1.27.0-rc.2",false,not_affected,vulnerable_code_not_present
rancher/hardened-calico:v3.32.0-build20260604,rke2/v1.33.13,stdlib,v1.25.11,gobinary,CVE-2026-42505,MEDIUM,https://avd.aquasec.com/nvd/cve-2026-42505,usr/bin/kube-controllers,"1.25.12, 1.26.5, 1.27.0-rc.2",false,not_affected,vulnerable_code_not_present
rancher/hardened-calico:v3.32.0-build20260604,rke2/v1.33.13,stdlib,v1.25.11,gobinary,CVE-2026-42505,MEDIUM,https://avd.aquasec.com/nvd/cve-2026-42505,usr/local/bin/flexvol/flexvoldriver,"1.25.12, 1.26.5, 1.27.0-rc.2",false,not_affected,vulnerable_code_not_present
rancher/hardened-calico:v3.32.0-build20260604,rke2/v1.33.13,golang.org/x/net,v0.43.0,gobinary,CVE-2026-42506,MEDIUM,https://avd.aquasec.com/nvd/cve-2026-42506,opt/cni/bin/dhcp,0.55.0,false,not_affected,vulnerable_code_not_present
rancher/hardened-calico:v3.32.0-build20260604,rke2/v1.33.13,golang.org/x/net,v0.49.0,gobinary,CVE-2026-42506,MEDIUM,https://avd.aquasec.com/nvd/cve-2026-42506,calicoctl,0.55.0,false,not_affected,vulnerable_code_not_in_execute_path
rancher/hardened-calico:v3.32.0-build20260604,rke2/v1.33.13,golang.org/x/net,v0.49.0,gobinary,CVE-2026-42506,MEDIUM,https://avd.aquasec.com/nvd/cve-2026-42506,opt/cni/bin/calico,0.55.0,false,not_affected,vulnerable_code_not_in_execute_path
rancher/hardened-calico:v3.32.0-build20260604,rke2/v1.33.13,golang.org/x/net,v0.49.0,gobinary,CVE-2026-42506,MEDIUM,https://avd.aquasec.com/nvd/cve-2026-42506,opt/cni/bin/calico-ipam,0.55.0,false,not_affected,vulnerable_code_not_in_execute_path
rancher/hardened-calico:v3.32.0-build20260604,rke2/v1.33.13,golang.org/x/net,v0.49.0,gobinary,CVE-2026-42506,MEDIUM,https://avd.aquasec.com/nvd/cve-2026-42506,opt/cni/bin/install,0.55.0,false,not_affected,vulnerable_code_not_in_execute_path
rancher/hardened-calico:v3.32.0-build20260604,rke2/v1.33.13,golang.org/x/net,v0.49.0,gobinary,CVE-2026-42506,MEDIUM,https://avd.aquasec.com/nvd/cve-2026-42506,usr/bin/calico-node,0.55.0,false,not_affected,vulnerable_code_not_in_execute_path
rancher/hardened-calico:v3.32.0-build20260604,rke2/v1.33.13,golang.org/x/net,v0.49.0,gobinary,CVE-2026-42506,MEDIUM,https://avd.aquasec.com/nvd/cve-2026-42506,usr/bin/kube-controllers,0.55.0,false,not_affected,vulnerable_code_not_in_execute_path
rancher/hardened-calico:v3.32.0-build20260604,rke2/v1.33.13,golang.org/x/crypto,v0.47.0,gobinary,CVE-2026-42508,HIGH,https://avd.aquasec.com/nvd/cve-2026-42508,calicoctl,0.52.0,false,not_affected,vulnerable_code_not_present
rancher/hardened-calico:v3.32.0-build20260604,rke2/v1.33.13,golang.org/x/crypto,v0.47.0,gobinary,CVE-2026-42508,HIGH,https://avd.aquasec.com/nvd/cve-2026-42508,opt/cni/bin/calico,0.52.0,false,not_affected,vulnerable_code_not_present
rancher/hardened-calico:v3.32.0-build20260604,rke2/v1.33.13,golang.org/x/crypto,v0.47.0,gobinary,CVE-2026-42508,HIGH,https://avd.aquasec.com/nvd/cve-2026-42508,opt/cni/bin/calico-ipam,0.52.0,false,not_affected,vulnerable_code_not_present
rancher/hardened-calico:v3.32.0-build20260604,rke2/v1.33.13,golang.org/x/crypto,v0.47.0,gobinary,CVE-2026-42508,HIGH,https://avd.aquasec.com/nvd/cve-2026-42508,usr/bin/calico-node,0.52.0,false,not_affected,vulnerable_code_not_present
rancher/hardened-calico:v3.32.0-build20260604,rke2/v1.33.13,golang.org/x/crypto,v0.47.0,gobinary,CVE-2026-42508,HIGH,https://avd.aquasec.com/nvd/cve-2026-42508,usr/bin/kube-controllers,0.52.0,false,not_affected,vulnerable_code_not_present
rancher/hardened-calico:v3.32.0-build20260604,rke2/v1.33.13,golang.org/x/crypto,v0.47.0,gobinary,CVE-2026-46595,HIGH,https://avd.aquasec.com/nvd/cve-2026-46595,calicoctl,0.52.0,false,not_affected,vulnerable_code_not_present
rancher/hardened-calico:v3.32.0-build20260604,rke2/v1.33.13,golang.org/x/crypto,v0.47.0,gobinary,CVE-2026-46595,HIGH,https://avd.aquasec.com/nvd/cve-2026-46595,opt/cni/bin/calico,0.52.0,false,not_affected,vulnerable_code_not_present
rancher/hardened-calico:v3.32.0-build20260604,rke2/v1.33.13,golang.org/x/crypto,v0.47.0,gobinary,CVE-2026-46595,HIGH,https://avd.aquasec.com/nvd/cve-2026-46595,opt/cni/bin/calico-ipam,0.52.0,false,not_affected,vulnerable_code_not_present
rancher/hardened-calico:v3.32.0-build20260604,rke2/v1.33.13,golang.org/x/crypto,v0.47.0,gobinary,CVE-2026-46595,HIGH,https://avd.aquasec.com/nvd/cve-2026-46595,usr/bin/calico-node,0.52.0,false,not_affected,vulnerable_code_not_present
rancher/hardened-calico:v3.32.0-build20260604,rke2/v1.33.13,golang.org/x/crypto,v0.47.0,gobinary,CVE-2026-46595,HIGH,https://avd.aquasec.com/nvd/cve-2026-46595,usr/bin/kube-controllers,0.52.0,false,not_affected,vulnerable_code_not_present
rancher/hardened-calico:v3.32.0-build20260604,rke2/v1.33.13,golang.org/x/crypto,v0.47.0,gobinary,CVE-2026-46597,HIGH,https://avd.aquasec.com/nvd/cve-2026-46597,calicoctl,0.52.0,false,not_affected,vulnerable_code_not_present
rancher/hardened-calico:v3.32.0-build20260604,rke2/v1.33.13,golang.org/x/crypto,v0.47.0,gobinary,CVE-2026-46597,HIGH,https://avd.aquasec.com/nvd/cve-2026-46597,opt/cni/bin/calico,0.52.0,false,not_affected,vulnerable_code_not_present
rancher/hardened-calico:v3.32.0-build20260604,rke2/v1.33.13,golang.org/x/crypto,v0.47.0,gobinary,CVE-2026-46597,HIGH,https://avd.aquasec.com/nvd/cve-2026-46597,opt/cni/bin/calico-ipam,0.52.0,false,not_affected,vulnerable_code_not_present
rancher/hardened-calico:v3.32.0-build20260604,rke2/v1.33.13,golang.org/x/crypto,v0.47.0,gobinary,CVE-2026-46597,HIGH,https://avd.aquasec.com/nvd/cve-2026-46597,usr/bin/calico-node,0.52.0,false,not_affected,vulnerable_code_not_present
rancher/hardened-calico:v3.32.0-build20260604,rke2/v1.33.13,golang.org/x/crypto,v0.47.0,gobinary,CVE-2026-46597,HIGH,https://avd.aquasec.com/nvd/cve-2026-46597,usr/bin/kube-controllers,0.52.0,false,not_affected,vulnerable_code_not_present
rancher/hardened-calico:v3.32.0-build20260604,rke2/v1.33.13,golang.org/x/crypto,v0.47.0,gobinary,CVE-2026-46598,MEDIUM,https://avd.aquasec.com/nvd/cve-2026-46598,calicoctl,0.52.0,false,not_affected,vulnerable_code_not_present
rancher/hardened-calico:v3.32.0-build20260604,rke2/v1.33.13,golang.org/x/crypto,v0.47.0,gobinary,CVE-2026-46598,MEDIUM,https://avd.aquasec.com/nvd/cve-2026-46598,opt/cni/bin/calico,0.52.0,false,not_affected,vulnerable_code_not_present
rancher/hardened-calico:v3.32.0-build20260604,rke2/v1.33.13,golang.org/x/crypto,v0.47.0,gobinary,CVE-2026-46598,MEDIUM,https://avd.aquasec.com/nvd/cve-2026-46598,opt/cni/bin/calico-ipam,0.52.0,false,not_affected,vulnerable_code_not_present
rancher/hardened-calico:v3.32.0-build20260604,rke2/v1.33.13,golang.org/x/crypto,v0.47.0,gobinary,CVE-2026-46598,MEDIUM,https://avd.aquasec.com/nvd/cve-2026-46598,usr/bin/calico-node,0.52.0,false,not_affected,vulnerable_code_not_present
rancher/hardened-calico:v3.32.0-build20260604,rke2/v1.33.13,golang.org/x/crypto,v0.47.0,gobinary,CVE-2026-46598,MEDIUM,https://avd.aquasec.com/nvd/cve-2026-46598,usr/bin/kube-controllers,0.52.0,false,not_affected,vulnerable_code_not_present
rancher/hardened-calico:v3.32.0-build20260604,rke2/v1.33.13,golang.org/x/text,v0.33.0,gobinary,CVE-2026-56852,HIGH,https://avd.aquasec.com/nvd/cve-2026-56852,calicoctl,0.39.0,false,not_affected,vulnerable_code_not_in_execute_path
rancher/hardened-calico:v3.32.0-build20260604,rke2/v1.33.13,golang.org/x/text,v0.33.0,gobinary,CVE-2026-56852,HIGH,https://avd.aquasec.com/nvd/cve-2026-56852,opt/cni/bin/calico,0.39.0,false,not_affected,vulnerable_code_not_in_execute_path
rancher/hardened-calico:v3.32.0-build20260604,rke2/v1.33.13,golang.org/x/text,v0.33.0,gobinary,CVE-2026-56852,HIGH,https://avd.aquasec.com/nvd/cve-2026-56852,opt/cni/bin/calico-ipam,0.39.0,false,not_affected,vulnerable_code_not_in_execute_path
rancher/hardened-calico:v3.32.0-build20260604,rke2/v1.33.13,golang.org/x/text,v0.33.0,gobinary,CVE-2026-56852,HIGH,https://avd.aquasec.com/nvd/cve-2026-56852,opt/cni/bin/install,0.39.0,false,not_affected,vulnerable_code_not_in_execute_path
rancher/hardened-calico:v3.32.0-build20260604,rke2/v1.33.13,golang.org/x/text,v0.33.0,gobinary,CVE-2026-56852,HIGH,https://avd.aquasec.com/nvd/cve-2026-56852,usr/bin/calico-node,0.39.0,false,not_affected,vulnerable_code_not_in_execute_path
rancher/hardened-calico:v3.32.0-build20260604,rke2/v1.33.13,golang.org/x/text,v0.33.0,gobinary,CVE-2026-56852,HIGH,https://avd.aquasec.com/nvd/cve-2026-56852,usr/bin/kube-controllers,0.39.0,false,not_affected,vulnerable_code_not_in_execute_path
rancher/hardened-calico:v3.32.0-build20260604,rke2/v1.33.13,google.golang.org/grpc,v1.79.3,gobinary,GHSA-hrxh-6v49-42gf,HIGH,https://github.com/advisories/GHSA-hrxh-6v49-42gf,calicoctl,1.82.1,false,affected,
rancher/hardened-calico:v3.32.0-build20260604,rke2/v1.33.13,google.golang.org/grpc,v1.79.3,gobinary,GHSA-hrxh-6v49-42gf,HIGH,https://github.com/advisories/GHSA-hrxh-6v49-42gf,opt/cni/bin/calico,1.82.1,false,affected,
rancher/hardened-calico:v3.32.0-build20260604,rke2/v1.33.13,google.golang.org/grpc,v1.79.3,gobinary,GHSA-hrxh-6v49-42gf,HIGH,https://github.com/advisories/GHSA-hrxh-6v49-42gf,opt/cni/bin/calico-ipam,1.82.1,false,affected,
rancher/hardened-calico:v3.32.0-build20260604,rke2/v1.33.13,google.golang.org/grpc,v1.79.3,gobinary,GHSA-hrxh-6v49-42gf,HIGH,https://github.com/advisories/GHSA-hrxh-6v49-42gf,usr/bin/calico-node,1.82.1,false,affected,
rancher/hardened-calico:v3.32.0-build20260604,rke2/v1.33.13,google.golang.org/grpc,v1.79.3,gobinary,GHSA-hrxh-6v49-42gf,HIGH,https://github.com/advisories/GHSA-hrxh-6v49-42gf,usr/bin/kube-controllers,1.82.1,false,affected,
rancher/hardened-calico:v3.32.0-build20260604,rke2/v1.33.13,libuuid1,2.40.4-150700.4.10.1,sles,SUSE-SU-2026:2485-1,MEDIUM,,rancher/hardened-calico:v3.32.0-build20260604 (sles 15.7),2.40.4-150700.4.13.1,false,not_affected,vulnerable_code_not_in_execute_path
rancher/hardened-calico:v3.32.0-build20260604,rke2/v1.33.13,libopenssl-3-fips-provider,3.2.3-150700.5.31.1,sles,SUSE-SU-2026:2648-1,HIGH,,rancher/hardened-calico:v3.32.0-build20260604 (sles 15.7),3.2.3-150700.5.36.1,false,affected,
rancher/hardened-calico:v3.32.0-build20260604,rke2/v1.33.13,libopenssl3,3.2.3-150700.5.31.1,sles,SUSE-SU-2026:2648-1,HIGH,,rancher/hardened-calico:v3.32.0-build20260604 (sles 15.7),3.2.3-150700.5.36.1,false,affected,
rancher/hardened-calico:v3.32.0-build20260604,rke2/v1.33.13,krb5,1.20.1-150600.11.14.1,sles,SUSE-SU-2026:2848-1,HIGH,,rancher/hardened-calico:v3.32.0-build20260604 (sles 15.7),1.20.1-150600.11.19.1,false,not_affected,vulnerable_code_not_in_execute_path
rancher/hardened-calico:v3.32.0-build20260604,rke2/v1.33.13,pam,1.3.0-150000.6.86.1,sles,SUSE-SU-2026:3163-1,MEDIUM,,rancher/hardened-calico:v3.32.0-build20260604 (sles 15.7),1.3.0-150000.6.89.1,false,not_affected,vulnerable_code_not_in_execute_path
rancher/hardened-calico:v3.32.0-build20260604,rke2/v1.33.13,libgcrypt20,1.11.0-150700.5.7.1,sles,SUSE-SU-2026:3182-1,MEDIUM,,rancher/hardened-calico:v3.32.0-build20260604 (sles 15.7),1.11.0-150700.5.10.1,false,not_affected,vulnerable_code_not_in_execute_path
rancher/hardened-calico:v3.32.0-build20260604,rke2/v1.33.13,libudev1,254.27-150600.4.62.1,sles,SUSE-SU-2026:3244-1,MEDIUM,,rancher/hardened-calico:v3.32.0-build20260604 (sles 15.7),254.27-150600.4.71.2,false,not_affected,vulnerable_code_not_in_execute_path
rancher/hardened-calico:v3.32.0-build20260604,rke2/v1.33.13,udev,254.27-150600.4.62.1,sles,SUSE-SU-2026:3244-1,MEDIUM,,rancher/hardened-calico:v3.32.0-build20260604 (sles 15.7),254.27-150600.4.71.2,false,not_affected,vulnerable_code_not_in_execute_path
rancher/hardened-calico:v3.32.0-build20260604,rke2/v1.33.13,gzip,1.10-150200.10.1,sles,SUSE-SU-2026:3269-1,HIGH,,rancher/hardened-calico:v3.32.0-build20260604 (sles 15.7),1.10-150200.13.1,false,not_affected,vulnerable_code_not_in_execute_path
rancher/hardened-calico:v3.32.0-build20260604,rke2/v1.33.13,libssh-config,0.9.8-150600.11.12.1,sles,SUSE-SU-2026:3330-1,MEDIUM,,rancher/hardened-calico:v3.32.0-build20260604 (sles 15.7),0.9.8-150600.11.15.1,false,not_affected,vulnerable_code_not_in_execute_path
rancher/hardened-calico:v3.32.0-build20260604,rke2/v1.33.13,libglib-2_0-0,2.78.6-150600.4.35.1,sles,SUSE-SU-2026:3341-1,HIGH,,rancher/hardened-calico:v3.32.0-build20260604 (sles 15.7),2.78.6-150600.4.38.1,false,not_affected,vulnerable_code_not_in_execute_path
rancher/hardened-cluster-autoscaler:v1.10.3-build20260604,rke2/v1.33.13,golang.org/x/oauth2,v0.23.0,gobinary,CVE-2025-22868,HIGH,https://avd.aquasec.com/nvd/cve-2025-22868,cluster-proportional-autoscaler,0.27.0,false,not_affected,vulnerable_code_not_present
rancher/hardened-cluster-autoscaler:v1.10.3-build20260604,rke2/v1.33.13,golang.org/x/net,v0.36.0,gobinary,CVE-2025-22872,MEDIUM,https://avd.aquasec.com/nvd/cve-2025-22872,cluster-proportional-autoscaler,0.38.0,false,not_affected,vulnerable_code_not_present
rancher/hardened-cluster-autoscaler:v1.10.3-build20260604,rke2/v1.33.13,golang.org/x/net,v0.36.0,gobinary,CVE-2025-47911,MEDIUM,https://avd.aquasec.com/nvd/cve-2025-47911,cluster-proportional-autoscaler,0.45.0,false,not_affected,vulnerable_code_not_present
rancher/hardened-cluster-autoscaler:v1.10.3-build20260604,rke2/v1.33.13,golang.org/x/net,v0.36.0,gobinary,CVE-2025-58190,MEDIUM,https://avd.aquasec.com/nvd/cve-2025-58190,cluster-proportional-autoscaler,0.45.0,false,not_affected,vulnerable_code_not_present
rancher/hardened-cluster-autoscaler:v1.10.3-build20260604,rke2/v1.33.13,golang.org/x/net,v0.36.0,gobinary,CVE-2026-25680,MEDIUM,https://avd.aquasec.com/nvd/cve-2026-25680,cluster-proportional-autoscaler,0.55.0,false,not_affected,vulnerable_code_not_present
rancher/hardened-cluster-autoscaler:v1.10.3-build20260604,rke2/v1.33.13,golang.org/x/net,v0.36.0,gobinary,CVE-2026-25681,HIGH,https://avd.aquasec.com/nvd/cve-2026-25681,cluster-proportional-autoscaler,0.55.0,false,not_affected,vulnerable_code_not_present
rancher/hardened-cluster-autoscaler:v1.10.3-build20260604,rke2/v1.33.13,golang.org/x/net,v0.36.0,gobinary,CVE-2026-27136,HIGH,https://avd.aquasec.com/nvd/cve-2026-27136,cluster-proportional-autoscaler,0.55.0,false,not_affected,vulnerable_code_not_present
rancher/hardened-cluster-autoscaler:v1.10.3-build20260604,rke2/v1.33.13,golang.org/x/net,v0.36.0,gobinary,CVE-2026-33814,HIGH,https://avd.aquasec.com/nvd/cve-2026-33814,cluster-proportional-autoscaler,0.53.0,false,affected,
rancher/hardened-cluster-autoscaler:v1.10.3-build20260604,rke2/v1.33.13,golang.org/x/net,v0.36.0,gobinary,CVE-2026-39821,HIGH,https://avd.aquasec.com/nvd/cve-2026-39821,cluster-proportional-autoscaler,0.55.0,false,affected,
rancher/hardened-cluster-autoscaler:v1.10.3-build20260604,rke2/v1.33.13,stdlib,v1.25.11,gobinary,CVE-2026-39822,HIGH,https://avd.aquasec.com/nvd/cve-2026-39822,cluster-proportional-autoscaler,"1.25.12, 1.26.5, 1.27.0-rc.2",false,not_affected,vulnerable_code_not_in_execute_path
rancher/hardened-cluster-autoscaler:v1.10.3-build20260604,rke2/v1.33.13,golang.org/x/net,v0.36.0,gobinary,CVE-2026-42502,MEDIUM,https://avd.aquasec.com/nvd/cve-2026-42502,cluster-proportional-autoscaler,0.55.0,false,not_affected,vulnerable_code_not_present
rancher/hardened-cluster-autoscaler:v1.10.3-build20260604,rke2/v1.33.13,stdlib,v1.25.11,gobinary,CVE-2026-42505,MEDIUM,https://avd.aquasec.com/nvd/cve-2026-42505,cluster-proportional-autoscaler,"1.25.12, 1.26.5, 1.27.0-rc.2",false,not_affected,vulnerable_code_not_in_execute_path
rancher/hardened-cluster-autoscaler:v1.10.3-build20260604,rke2/v1.33.13,golang.org/x/net,v0.36.0,gobinary,CVE-2026-42506,MEDIUM,https://avd.aquasec.com/nvd/cve-2026-42506,cluster-proportional-autoscaler,0.55.0,false,not_affected,vulnerable_code_not_present
rancher/hardened-cluster-autoscaler:v1.10.3-build20260604,rke2/v1.33.13,golang.org/x/text,v0.22.0,gobinary,CVE-2026-56852,HIGH,https://avd.aquasec.com/nvd/cve-2026-56852,cluster-proportional-autoscaler,0.39.0,false,not_affected,vulnerable_code_not_in_execute_path
rancher/hardened-coredns:v1.14.4-build20260610,rke2/v1.33.13,stdlib,v1.25.11,gobinary,CVE-2026-39822,HIGH,https://avd.aquasec.com/nvd/cve-2026-39822,coredns,"1.25.12, 1.26.5, 1.27.0-rc.2",false,not_affected,vulnerable_code_not_in_execute_path
rancher/hardened-coredns:v1.14.4-build20260610,rke2/v1.33.13,stdlib,v1.25.11,gobinary,CVE-2026-42505,MEDIUM,https://avd.aquasec.com/nvd/cve-2026-42505,coredns,"1.25.12, 1.26.5, 1.27.0-rc.2",false,not_affected,vulnerable_code_not_in_execute_path
rancher/hardened-coredns:v1.14.4-build20260610,rke2/v1.33.13,golang.org/x/text,v0.37.0,gobinary,CVE-2026-56852,HIGH,https://avd.aquasec.com/nvd/cve-2026-56852,coredns,0.39.0,false,not_affected,vulnerable_code_not_in_execute_path
rancher/hardened-coredns:v1.14.4-build20260610,rke2/v1.33.13,google.golang.org/grpc,v1.81.1,gobinary,GHSA-hrxh-6v49-42gf,HIGH,https://github.com/advisories/GHSA-hrxh-6v49-42gf,coredns,1.82.1,false,affected,
rancher/hardened-dns-node-cache:1.26.8-build20260608,rke2/v1.33.13,golang.org/x/net,v0.52.0,gobinary,CVE-2026-25680,MEDIUM,https://avd.aquasec.com/nvd/cve-2026-25680,node-cache,0.55.0,false,not_affected,vulnerable_code_not_present
rancher/hardened-dns-node-cache:1.26.8-build20260608,rke2/v1.33.13,golang.org/x/net,v0.52.0,gobinary,CVE-2026-25681,HIGH,https://avd.aquasec.com/nvd/cve-2026-25681,node-cache,0.55.0,false,not_affected,vulnerable_code_not_present
rancher/hardened-dns-node-cache:1.26.8-build20260608,rke2/v1.33.13,golang.org/x/net,v0.52.0,gobinary,CVE-2026-27136,HIGH,https://avd.aquasec.com/nvd/cve-2026-27136,node-cache,0.55.0,false,not_affected,vulnerable_code_not_present
rancher/hardened-dns-node-cache:1.26.8-build20260608,rke2/v1.33.13,golang.org/x/net,v0.52.0,gobinary,CVE-2026-33814,HIGH,https://avd.aquasec.com/nvd/cve-2026-33814,node-cache,0.53.0,false,not_affected,vulnerable_code_not_in_execute_path
rancher/hardened-dns-node-cache:1.26.8-build20260608,rke2/v1.33.13,golang.org/x/net,v0.52.0,gobinary,CVE-2026-39821,HIGH,https://avd.aquasec.com/nvd/cve-2026-39821,node-cache,0.55.0,false,not_affected,vulnerable_code_not_in_execute_path
rancher/hardened-dns-node-cache:1.26.8-build20260608,rke2/v1.33.13,stdlib,v1.25.11,gobinary,CVE-2026-39822,HIGH,https://avd.aquasec.com/nvd/cve-2026-39822,node-cache,"1.25.12, 1.26.5, 1.27.0-rc.2",false,not_affected,vulnerable_code_not_in_execute_path
rancher/hardened-dns-node-cache:1.26.8-build20260608,rke2/v1.33.13,golang.org/x/crypto,v0.49.0,gobinary,CVE-2026-39827,MEDIUM,https://avd.aquasec.com/nvd/cve-2026-39827,node-cache,0.52.0,false,not_affected,vulnerable_code_not_present
rancher/hardened-dns-node-cache:1.26.8-build20260608,rke2/v1.33.13,golang.org/x/crypto,v0.49.0,gobinary,CVE-2026-39828,HIGH,https://avd.aquasec.com/nvd/cve-2026-39828,node-cache,0.52.0,false,not_affected,vulnerable_code_not_present
rancher/hardened-dns-node-cache:1.26.8-build20260608,rke2/v1.33.13,golang.org/x/crypto,v0.49.0,gobinary,CVE-2026-39829,HIGH,https://avd.aquasec.com/nvd/cve-2026-39829,node-cache,0.52.0,false,not_affected,vulnerable_code_not_present
rancher/hardened-dns-node-cache:1.26.8-build20260608,rke2/v1.33.13,golang.org/x/crypto,v0.49.0,gobinary,CVE-2026-39830,HIGH,https://avd.aquasec.com/nvd/cve-2026-39830,node-cache,0.52.0,false,not_affected,vulnerable_code_not_present
rancher/hardened-dns-node-cache:1.26.8-build20260608,rke2/v1.33.13,golang.org/x/crypto,v0.49.0,gobinary,CVE-2026-39831,HIGH,https://avd.aquasec.com/nvd/cve-2026-39831,node-cache,0.52.0,false,not_affected,vulnerable_code_not_present
rancher/hardened-dns-node-cache:1.26.8-build20260608,rke2/v1.33.13,golang.org/x/crypto,v0.49.0,gobinary,CVE-2026-39832,HIGH,https://avd.aquasec.com/nvd/cve-2026-39832,node-cache,0.52.0,false,not_affected,vulnerable_code_not_present
rancher/hardened-dns-node-cache:1.26.8-build20260608,rke2/v1.33.13,golang.org/x/crypto,v0.49.0,gobinary,CVE-2026-39833,MEDIUM,https://avd.aquasec.com/nvd/cve-2026-39833,node-cache,0.52.0,false,not_affected,vulnerable_code_not_present
rancher/hardened-dns-node-cache:1.26.8-build20260608,rke2/v1.33.13,golang.org/x/crypto,v0.49.0,gobinary,CVE-2026-39834,MEDIUM,https://avd.aquasec.com/nvd/cve-2026-39834,node-cache,0.52.0,false,not_affected,vulnerable_code_not_present
rancher/hardened-dns-node-cache:1.26.8-build20260608,rke2/v1.33.13,golang.org/x/crypto,v0.49.0,gobinary,CVE-2026-39835,HIGH,https://avd.aquasec.com/nvd/cve-2026-39835,node-cache,0.52.0,false,not_affected,vulnerable_code_not_present
rancher/hardened-dns-node-cache:1.26.8-build20260608,rke2/v1.33.13,golang.org/x/net,v0.52.0,gobinary,CVE-2026-42502,MEDIUM,https://avd.aquasec.com/nvd/cve-2026-42502,node-cache,0.55.0,false,not_affected,vulnerable_code_not_present
rancher/hardened-dns-node-cache:1.26.8-build20260608,rke2/v1.33.13,stdlib,v1.25.11,gobinary,CVE-2026-42505,MEDIUM,https://avd.aquasec.com/nvd/cve-2026-42505,node-cache,"1.25.12, 1.26.5, 1.27.0-rc.2",false,not_affected,vulnerable_code_cannot_be_controlled_by_adversary
rancher/hardened-dns-node-cache:1.26.8-build20260608,rke2/v1.33.13,golang.org/x/net,v0.52.0,gobinary,CVE-2026-42506,MEDIUM,https://avd.aquasec.com/nvd/cve-2026-42506,node-cache,0.55.0,false,not_affected,vulnerable_code_not_present
rancher/hardened-dns-node-cache:1.26.8-build20260608,rke2/v1.33.13,golang.org/x/crypto,v0.49.0,gobinary,CVE-2026-42508,HIGH,https://avd.aquasec.com/nvd/cve-2026-42508,node-cache,0.52.0,false,not_affected,vulnerable_code_not_present
rancher/hardened-dns-node-cache:1.26.8-build20260608,rke2/v1.33.13,golang.org/x/crypto,v0.49.0,gobinary,CVE-2026-46595,HIGH,https://avd.aquasec.com/nvd/cve-2026-46595,node-cache,0.52.0,false,not_affected,vulnerable_code_not_present
rancher/hardened-dns-node-cache:1.26.8-build20260608,rke2/v1.33.13,golang.org/x/crypto,v0.49.0,gobinary,CVE-2026-46597,HIGH,https://avd.aquasec.com/nvd/cve-2026-46597,node-cache,0.52.0,false,not_affected,vulnerable_code_not_present
rancher/hardened-dns-node-cache:1.26.8-build20260608,rke2/v1.33.13,golang.org/x/crypto,v0.49.0,gobinary,CVE-2026-46598,MEDIUM,https://avd.aquasec.com/nvd/cve-2026-46598,node-cache,0.52.0,false,not_affected,vulnerable_code_not_present
rancher/hardened-dns-node-cache:1.26.8-build20260608,rke2/v1.33.13,github.com/DataDog/dd-trace-go/v2,v2.7.1,gobinary,CVE-2026-50274,HIGH,https://avd.aquasec.com/nvd/cve-2026-50274,node-cache,2.8.1,false,affected,
rancher/hardened-dns-node-cache:1.26.8-build20260608,rke2/v1.33.13,golang.org/x/text,v0.35.0,gobinary,CVE-2026-56852,HIGH,https://avd.aquasec.com/nvd/cve-2026-56852,node-cache,0.39.0,false,not_affected,vulnerable_code_not_in_execute_path
rancher/hardened-dns-node-cache:1.26.8-build20260608,rke2/v1.33.13,google.golang.org/grpc,v1.79.3,gobinary,GHSA-hrxh-6v49-42gf,HIGH,https://github.com/advisories/GHSA-hrxh-6v49-42gf,node-cache,1.82.1,false,affected,
rancher/hardened-etcd:v3.6.12-k3s1-build20260603,rke2/v1.33.13,golang.org/x/net,v0.52.0,gobinary,CVE-2026-25680,MEDIUM,https://avd.aquasec.com/nvd/cve-2026-25680,usr/local/bin/etcd,0.55.0,false,not_affected,vulnerable_code_not_present
rancher/hardened-etcd:v3.6.12-k3s1-build20260603,rke2/v1.33.13,golang.org/x/net,v0.52.0,gobinary,CVE-2026-25680,MEDIUM,https://avd.aquasec.com/nvd/cve-2026-25680,usr/local/bin/etcdctl,0.55.0,false,not_affected,vulnerable_code_not_present
rancher/hardened-etcd:v3.6.12-k3s1-build20260603,rke2/v1.33.13,golang.org/x/net,v0.52.0,gobinary,CVE-2026-25681,HIGH,https://avd.aquasec.com/nvd/cve-2026-25681,usr/local/bin/etcd,0.55.0,false,not_affected,vulnerable_code_not_present
rancher/hardened-etcd:v3.6.12-k3s1-build20260603,rke2/v1.33.13,golang.org/x/net,v0.52.0,gobinary,CVE-2026-25681,HIGH,https://avd.aquasec.com/nvd/cve-2026-25681,usr/local/bin/etcdctl,0.55.0,false,not_affected,vulnerable_code_not_present
rancher/hardened-etcd:v3.6.12-k3s1-build20260603,rke2/v1.33.13,golang.org/x/net,v0.52.0,gobinary,CVE-2026-27136,HIGH,https://avd.aquasec.com/nvd/cve-2026-27136,usr/local/bin/etcd,0.55.0,false,not_affected,vulnerable_code_not_present
rancher/hardened-etcd:v3.6.12-k3s1-build20260603,rke2/v1.33.13,golang.org/x/net,v0.52.0,gobinary,CVE-2026-27136,HIGH,https://avd.aquasec.com/nvd/cve-2026-27136,usr/local/bin/etcdctl,0.55.0,false,not_affected,vulnerable_code_not_present
rancher/hardened-etcd:v3.6.12-k3s1-build20260603,rke2/v1.33.13,go.opentelemetry.io/otel,v1.40.0,gobinary,CVE-2026-29181,HIGH,https://avd.aquasec.com/nvd/cve-2026-29181,usr/local/bin/etcd,1.41.0,false,not_affected,vulnerable_code_not_in_execute_path
rancher/hardened-etcd:v3.6.12-k3s1-build20260603,rke2/v1.33.13,golang.org/x/net,v0.52.0,gobinary,CVE-2026-33814,HIGH,https://avd.aquasec.com/nvd/cve-2026-33814,usr/local/bin/etcd,0.53.0,false,not_affected,vulnerable_code_not_in_execute_path
rancher/hardened-etcd:v3.6.12-k3s1-build20260603,rke2/v1.33.13,golang.org/x/net,v0.52.0,gobinary,CVE-2026-33814,HIGH,https://avd.aquasec.com/nvd/cve-2026-33814,usr/local/bin/etcdctl,0.53.0,false,not_affected,vulnerable_code_not_in_execute_path
rancher/hardened-etcd:v3.6.12-k3s1-build20260603,rke2/v1.33.13,golang.org/x/net,v0.52.0,gobinary,CVE-2026-39821,HIGH,https://avd.aquasec.com/nvd/cve-2026-39821,usr/local/bin/etcd,0.55.0,false,not_affected,vulnerable_code_not_in_execute_path
rancher/hardened-etcd:v3.6.12-k3s1-build20260603,rke2/v1.33.13,golang.org/x/net,v0.52.0,gobinary,CVE-2026-39821,HIGH,https://avd.aquasec.com/nvd/cve-2026-39821,usr/local/bin/etcdctl,0.55.0,false,not_affected,vulnerable_code_not_in_execute_path
rancher/hardened-etcd:v3.6.12-k3s1-build20260603,rke2/v1.33.13,stdlib,v1.25.11,gobinary,CVE-2026-39822,HIGH,https://avd.aquasec.com/nvd/cve-2026-39822,usr/local/bin/etcd,"1.25.12, 1.26.5, 1.27.0-rc.2",false,not_affected,vulnerable_code_not_in_execute_path
rancher/hardened-etcd:v3.6.12-k3s1-build20260603,rke2/v1.33.13,stdlib,v1.25.11,gobinary,CVE-2026-39822,HIGH,https://avd.aquasec.com/nvd/cve-2026-39822,usr/local/bin/etcdctl,"1.25.12, 1.26.5, 1.27.0-rc.2",false,not_affected,vulnerable_code_not_in_execute_path
rancher/hardened-etcd:v3.6.12-k3s1-build20260603,rke2/v1.33.13,golang.org/x/crypto,v0.49.0,gobinary,CVE-2026-39827,MEDIUM,https://avd.aquasec.com/nvd/cve-2026-39827,usr/local/bin/etcd,0.52.0,false,not_affected,vulnerable_code_not_present
rancher/hardened-etcd:v3.6.12-k3s1-build20260603,rke2/v1.33.13,golang.org/x/crypto,v0.49.0,gobinary,CVE-2026-39828,HIGH,https://avd.aquasec.com/nvd/cve-2026-39828,usr/local/bin/etcd,0.52.0,false,not_affected,vulnerable_code_not_present
rancher/hardened-etcd:v3.6.12-k3s1-build20260603,rke2/v1.33.13,golang.org/x/crypto,v0.49.0,gobinary,CVE-2026-39829,HIGH,https://avd.aquasec.com/nvd/cve-2026-39829,usr/local/bin/etcd,0.52.0,false,not_affected,vulnerable_code_not_present
rancher/hardened-etcd:v3.6.12-k3s1-build20260603,rke2/v1.33.13,golang.org/x/crypto,v0.49.0,gobinary,CVE-2026-39830,HIGH,https://avd.aquasec.com/nvd/cve-2026-39830,usr/local/bin/etcd,0.52.0,false,not_affected,vulnerable_code_not_present
rancher/hardened-etcd:v3.6.12-k3s1-build20260603,rke2/v1.33.13,golang.org/x/crypto,v0.49.0,gobinary,CVE-2026-39831,HIGH,https://avd.aquasec.com/nvd/cve-2026-39831,usr/local/bin/etcd,0.52.0,false,not_affected,vulnerable_code_not_present
rancher/hardened-etcd:v3.6.12-k3s1-build20260603,rke2/v1.33.13,golang.org/x/crypto,v0.49.0,gobinary,CVE-2026-39832,HIGH,https://avd.aquasec.com/nvd/cve-2026-39832,usr/local/bin/etcd,0.52.0,false,not_affected,vulnerable_code_not_present
rancher/hardened-etcd:v3.6.12-k3s1-build20260603,rke2/v1.33.13,golang.org/x/crypto,v0.49.0,gobinary,CVE-2026-39833,MEDIUM,https://avd.aquasec.com/nvd/cve-2026-39833,usr/local/bin/etcd,0.52.0,false,not_affected,vulnerable_code_not_present
rancher/hardened-etcd:v3.6.12-k3s1-build20260603,rke2/v1.33.13,golang.org/x/crypto,v0.49.0,gobinary,CVE-2026-39834,MEDIUM,https://avd.aquasec.com/nvd/cve-2026-39834,usr/local/bin/etcd,0.52.0,false,not_affected,vulnerable_code_not_present
rancher/hardened-etcd:v3.6.12-k3s1-build20260603,rke2/v1.33.13,golang.org/x/crypto,v0.49.0,gobinary,CVE-2026-39835,HIGH,https://avd.aquasec.com/nvd/cve-2026-39835,usr/local/bin/etcd,0.52.0,false,not_affected,vulnerable_code_not_present
rancher/hardened-etcd:v3.6.12-k3s1-build20260603,rke2/v1.33.13,go.opentelemetry.io/otel/sdk,v1.40.0,gobinary,CVE-2026-39883,HIGH,https://avd.aquasec.com/nvd/cve-2026-39883,usr/local/bin/etcd,1.43.0,false,not_affected,vulnerable_code_not_present
rancher/hardened-etcd:v3.6.12-k3s1-build20260603,rke2/v1.33.13,golang.org/x/net,v0.52.0,gobinary,CVE-2026-42502,MEDIUM,https://avd.aquasec.com/nvd/cve-2026-42502,usr/local/bin/etcd,0.55.0,false,not_affected,vulnerable_code_not_present
rancher/hardened-etcd:v3.6.12-k3s1-build20260603,rke2/v1.33.13,golang.org/x/net,v0.52.0,gobinary,CVE-2026-42502,MEDIUM,https://avd.aquasec.com/nvd/cve-2026-42502,usr/local/bin/etcdctl,0.55.0,false,not_affected,vulnerable_code_not_present
rancher/hardened-etcd:v3.6.12-k3s1-build20260603,rke2/v1.33.13,stdlib,v1.25.11,gobinary,CVE-2026-42505,MEDIUM,https://avd.aquasec.com/nvd/cve-2026-42505,usr/local/bin/etcd,"1.25.12, 1.26.5, 1.27.0-rc.2",false,not_affected,vulnerable_code_not_in_execute_path
rancher/hardened-etcd:v3.6.12-k3s1-build20260603,rke2/v1.33.13,golang.org/x/net,v0.52.0,gobinary,CVE-2026-42506,MEDIUM,https://avd.aquasec.com/nvd/cve-2026-42506,usr/local/bin/etcd,0.55.0,false,not_affected,vulnerable_code_not_present
rancher/hardened-etcd:v3.6.12-k3s1-build20260603,rke2/v1.33.13,golang.org/x/net,v0.52.0,gobinary,CVE-2026-42506,MEDIUM,https://avd.aquasec.com/nvd/cve-2026-42506,usr/local/bin/etcdctl,0.55.0,false,not_affected,vulnerable_code_not_present
rancher/hardened-etcd:v3.6.12-k3s1-build20260603,rke2/v1.33.13,golang.org/x/crypto,v0.49.0,gobinary,CVE-2026-42508,HIGH,https://avd.aquasec.com/nvd/cve-2026-42508,usr/local/bin/etcd,0.52.0,false,not_affected,vulnerable_code_not_present
rancher/hardened-etcd:v3.6.12-k3s1-build20260603,rke2/v1.33.13,golang.org/x/crypto,v0.49.0,gobinary,CVE-2026-46595,HIGH,https://avd.aquasec.com/nvd/cve-2026-46595,usr/local/bin/etcd,0.52.0,false,not_affected,vulnerable_code_not_present
rancher/hardened-etcd:v3.6.12-k3s1-build20260603,rke2/v1.33.13,golang.org/x/crypto,v0.49.0,gobinary,CVE-2026-46597,HIGH,https://avd.aquasec.com/nvd/cve-2026-46597,usr/local/bin/etcd,0.52.0,false,not_affected,vulnerable_code_not_present
rancher/hardened-etcd:v3.6.12-k3s1-build20260603,rke2/v1.33.13,golang.org/x/crypto,v0.49.0,gobinary,CVE-2026-46598,MEDIUM,https://avd.aquasec.com/nvd/cve-2026-46598,usr/local/bin/etcd,0.52.0,false,not_affected,vulnerable_code_not_present
rancher/hardened-etcd:v3.6.12-k3s1-build20260603,rke2/v1.33.13,golang.org/x/text,v0.36.0,gobinary,CVE-2026-56852,HIGH,https://avd.aquasec.com/nvd/cve-2026-56852,usr/local/bin/etcd,0.39.0,false,not_affected,vulnerable_code_not_in_execute_path
rancher/hardened-etcd:v3.6.12-k3s1-build20260603,rke2/v1.33.13,golang.org/x/text,v0.36.0,gobinary,CVE-2026-56852,HIGH,https://avd.aquasec.com/nvd/cve-2026-56852,usr/local/bin/etcdctl,0.39.0,false,not_affected,vulnerable_code_not_in_execute_path
rancher/hardened-etcd:v3.6.12-k3s1-build20260603,rke2/v1.33.13,google.golang.org/grpc,v1.79.3,gobinary,GHSA-hrxh-6v49-42gf,HIGH,https://github.com/advisories/GHSA-hrxh-6v49-42gf,usr/local/bin/etcd,1.82.1,false,affected,
rancher/hardened-etcd:v3.6.12-k3s1-build20260603,rke2/v1.33.13,google.golang.org/grpc,v1.79.3,gobinary,GHSA-hrxh-6v49-42gf,HIGH,https://github.com/advisories/GHSA-hrxh-6v49-42gf,usr/local/bin/etcdctl,1.82.1,false,affected,
rancher/hardened-flannel:v0.28.5-build20260604,rke2/v1.33.13,golang.org/x/net,v0.52.0,gobinary,CVE-2026-25680,MEDIUM,https://avd.aquasec.com/nvd/cve-2026-25680,opt/bin/flanneld,0.55.0,false,not_affected,vulnerable_code_not_present
rancher/hardened-flannel:v0.28.5-build20260604,rke2/v1.33.13,golang.org/x/net,v0.52.0,gobinary,CVE-2026-25681,HIGH,https://avd.aquasec.com/nvd/cve-2026-25681,opt/bin/flanneld,0.55.0,false,not_affected,vulnerable_code_not_present
rancher/hardened-flannel:v0.28.5-build20260604,rke2/v1.33.13,golang.org/x/net,v0.52.0,gobinary,CVE-2026-27136,HIGH,https://avd.aquasec.com/nvd/cve-2026-27136,opt/bin/flanneld,0.55.0,false,not_affected,vulnerable_code_not_present
rancher/hardened-flannel:v0.28.5-build20260604,rke2/v1.33.13,golang.org/x/net,v0.52.0,gobinary,CVE-2026-33814,HIGH,https://avd.aquasec.com/nvd/cve-2026-33814,opt/bin/flanneld,0.53.0,false,affected,
rancher/hardened-flannel:v0.28.5-build20260604,rke2/v1.33.13,golang.org/x/net,v0.52.0,gobinary,CVE-2026-39821,HIGH,https://avd.aquasec.com/nvd/cve-2026-39821,opt/bin/flanneld,0.55.0,false,affected,
rancher/hardened-flannel:v0.28.5-build20260604,rke2/v1.33.13,stdlib,v1.25.11,gobinary,CVE-2026-39822,HIGH,https://avd.aquasec.com/nvd/cve-2026-39822,opt/bin/flanneld,"1.25.12, 1.26.5, 1.27.0-rc.2",false,not_affected,vulnerable_code_not_in_execute_path
rancher/hardened-flannel:v0.28.5-build20260604,rke2/v1.33.13,golang.org/x/crypto,v0.49.0,gobinary,CVE-2026-39827,MEDIUM,https://avd.aquasec.com/nvd/cve-2026-39827,opt/bin/flanneld,0.52.0,false,not_affected,vulnerable_code_not_present
rancher/hardened-flannel:v0.28.5-build20260604,rke2/v1.33.13,golang.org/x/crypto,v0.49.0,gobinary,CVE-2026-39828,HIGH,https://avd.aquasec.com/nvd/cve-2026-39828,opt/bin/flanneld,0.52.0,false,not_affected,vulnerable_code_not_present
rancher/hardened-flannel:v0.28.5-build20260604,rke2/v1.33.13,golang.org/x/crypto,v0.49.0,gobinary,CVE-2026-39829,HIGH,https://avd.aquasec.com/nvd/cve-2026-39829,opt/bin/flanneld,0.52.0,false,not_affected,vulnerable_code_not_present
rancher/hardened-flannel:v0.28.5-build20260604,rke2/v1.33.13,golang.org/x/crypto,v0.49.0,gobinary,CVE-2026-39830,HIGH,https://avd.aquasec.com/nvd/cve-2026-39830,opt/bin/flanneld,0.52.0,false,not_affected,vulnerable_code_not_present
rancher/hardened-flannel:v0.28.5-build20260604,rke2/v1.33.13,golang.org/x/crypto,v0.49.0,gobinary,CVE-2026-39831,HIGH,https://avd.aquasec.com/nvd/cve-2026-39831,opt/bin/flanneld,0.52.0,false,not_affected,vulnerable_code_not_present
rancher/hardened-flannel:v0.28.5-build20260604,rke2/v1.33.13,golang.org/x/crypto,v0.49.0,gobinary,CVE-2026-39832,HIGH,https://avd.aquasec.com/nvd/cve-2026-39832,opt/bin/flanneld,0.52.0,false,not_affected,vulnerable_code_not_present
rancher/hardened-flannel:v0.28.5-build20260604,rke2/v1.33.13,golang.org/x/crypto,v0.49.0,gobinary,CVE-2026-39833,MEDIUM,https://avd.aquasec.com/nvd/cve-2026-39833,opt/bin/flanneld,0.52.0,false,not_affected,vulnerable_code_not_present
rancher/hardened-flannel:v0.28.5-build20260604,rke2/v1.33.13,golang.org/x/crypto,v0.49.0,gobinary,CVE-2026-39834,MEDIUM,https://avd.aquasec.com/nvd/cve-2026-39834,opt/bin/flanneld,0.52.0,false,not_affected,vulnerable_code_not_present
rancher/hardened-flannel:v0.28.5-build20260604,rke2/v1.33.13,golang.org/x/crypto,v0.49.0,gobinary,CVE-2026-39835,HIGH,https://avd.aquasec.com/nvd/cve-2026-39835,opt/bin/flanneld,0.52.0,false,not_affected,vulnerable_code_not_present
rancher/hardened-flannel:v0.28.5-build20260604,rke2/v1.33.13,golang.org/x/net,v0.52.0,gobinary,CVE-2026-42502,MEDIUM,https://avd.aquasec.com/nvd/cve-2026-42502,opt/bin/flanneld,0.55.0,false,not_affected,vulnerable_code_not_present
rancher/hardened-flannel:v0.28.5-build20260604,rke2/v1.33.13,stdlib,v1.25.11,gobinary,CVE-2026-42505,MEDIUM,https://avd.aquasec.com/nvd/cve-2026-42505,opt/bin/flanneld,"1.25.12, 1.26.5, 1.27.0-rc.2",false,not_affected,vulnerable_code_not_in_execute_path
rancher/hardened-flannel:v0.28.5-build20260604,rke2/v1.33.13,golang.org/x/net,v0.52.0,gobinary,CVE-2026-42506,MEDIUM,https://avd.aquasec.com/nvd/cve-2026-42506,opt/bin/flanneld,0.55.0,false,not_affected,vulnerable_code_not_present
rancher/hardened-flannel:v0.28.5-build20260604,rke2/v1.33.13,golang.org/x/crypto,v0.49.0,gobinary,CVE-2026-42508,HIGH,https://avd.aquasec.com/nvd/cve-2026-42508,opt/bin/flanneld,0.52.0,false,not_affected,vulnerable_code_not_present
rancher/hardened-flannel:v0.28.5-build20260604,rke2/v1.33.13,golang.org/x/crypto,v0.49.0,gobinary,CVE-2026-46595,HIGH,https://avd.aquasec.com/nvd/cve-2026-46595,opt/bin/flanneld,0.52.0,false,not_affected,vulnerable_code_not_present
rancher/hardened-flannel:v0.28.5-build20260604,rke2/v1.33.13,golang.org/x/crypto,v0.49.0,gobinary,CVE-2026-46597,HIGH,https://avd.aquasec.com/nvd/cve-2026-46597,opt/bin/flanneld,0.52.0,false,not_affected,vulnerable_code_not_present
rancher/hardened-flannel:v0.28.5-build20260604,rke2/v1.33.13,golang.org/x/crypto,v0.49.0,gobinary,CVE-2026-46598,MEDIUM,https://avd.aquasec.com/nvd/cve-2026-46598,opt/bin/flanneld,0.52.0,false,not_affected,vulnerable_code_not_present
rancher/hardened-flannel:v0.28.5-build20260604,rke2/v1.33.13,golang.org/x/text,v0.36.0,gobinary,CVE-2026-56852,HIGH,https://avd.aquasec.com/nvd/cve-2026-56852,opt/bin/flanneld,0.39.0,false,not_affected,vulnerable_code_not_in_execute_path
rancher/hardened-flannel:v0.28.5-build20260604,rke2/v1.33.13,google.golang.org/grpc,v1.79.3,gobinary,GHSA-hrxh-6v49-42gf,HIGH,https://github.com/advisories/GHSA-hrxh-6v49-42gf,opt/bin/flanneld,1.82.1,false,affected,
rancher/hardened-k8s-metrics-server:v0.8.1-build20260604,rke2/v1.33.13,golang.org/x/net,v0.52.0,gobinary,CVE-2026-25680,MEDIUM,https://avd.aquasec.com/nvd/cve-2026-25680,metrics-server,0.55.0,false,not_affected,vulnerable_code_not_present
rancher/hardened-k8s-metrics-server:v0.8.1-build20260604,rke2/v1.33.13,golang.org/x/net,v0.52.0,gobinary,CVE-2026-25681,HIGH,https://avd.aquasec.com/nvd/cve-2026-25681,metrics-server,0.55.0,false,not_affected,vulnerable_code_not_present
rancher/hardened-k8s-metrics-server:v0.8.1-build20260604,rke2/v1.33.13,golang.org/x/net,v0.52.0,gobinary,CVE-2026-27136,HIGH,https://avd.aquasec.com/nvd/cve-2026-27136,metrics-server,0.55.0,false,not_affected,vulnerable_code_not_present
rancher/hardened-k8s-metrics-server:v0.8.1-build20260604,rke2/v1.33.13,golang.org/x/net,v0.52.0,gobinary,CVE-2026-33814,HIGH,https://avd.aquasec.com/nvd/cve-2026-33814,metrics-server,0.53.0,false,affected,
rancher/hardened-k8s-metrics-server:v0.8.1-build20260604,rke2/v1.33.13,golang.org/x/net,v0.52.0,gobinary,CVE-2026-39821,HIGH,https://avd.aquasec.com/nvd/cve-2026-39821,metrics-server,0.55.0,false,affected,
rancher/hardened-k8s-metrics-server:v0.8.1-build20260604,rke2/v1.33.13,stdlib,v1.26.4,gobinary,CVE-2026-39822,HIGH,https://avd.aquasec.com/nvd/cve-2026-39822,metrics-server,"1.25.12, 1.26.5, 1.27.0-rc.2",false,not_affected,vulnerable_code_not_in_execute_path
rancher/hardened-k8s-metrics-server:v0.8.1-build20260604,rke2/v1.33.13,golang.org/x/crypto,v0.49.0,gobinary,CVE-2026-39827,MEDIUM,https://avd.aquasec.com/nvd/cve-2026-39827,metrics-server,0.52.0,false,not_affected,vulnerable_code_not_present
rancher/hardened-k8s-metrics-server:v0.8.1-build20260604,rke2/v1.33.13,golang.org/x/crypto,v0.49.0,gobinary,CVE-2026-39828,HIGH,https://avd.aquasec.com/nvd/cve-2026-39828,metrics-server,0.52.0,false,not_affected,vulnerable_code_not_present
rancher/hardened-k8s-metrics-server:v0.8.1-build20260604,rke2/v1.33.13,golang.org/x/crypto,v0.49.0,gobinary,CVE-2026-39829,HIGH,https://avd.aquasec.com/nvd/cve-2026-39829,metrics-server,0.52.0,false,not_affected,vulnerable_code_not_present
rancher/hardened-k8s-metrics-server:v0.8.1-build20260604,rke2/v1.33.13,golang.org/x/crypto,v0.49.0,gobinary,CVE-2026-39830,HIGH,https://avd.aquasec.com/nvd/cve-2026-39830,metrics-server,0.52.0,false,not_affected,vulnerable_code_not_present
rancher/hardened-k8s-metrics-server:v0.8.1-build20260604,rke2/v1.33.13,golang.org/x/crypto,v0.49.0,gobinary,CVE-2026-39831,HIGH,https://avd.aquasec.com/nvd/cve-2026-39831,metrics-server,0.52.0,false,not_affected,vulnerable_code_not_present
rancher/hardened-k8s-metrics-server:v0.8.1-build20260604,rke2/v1.33.13,golang.org/x/crypto,v0.49.0,gobinary,CVE-2026-39832,HIGH,https://avd.aquasec.com/nvd/cve-2026-39832,metrics-server,0.52.0,false,not_affected,vulnerable_code_not_present
rancher/hardened-k8s-metrics-server:v0.8.1-build20260604,rke2/v1.33.13,golang.org/x/crypto,v0.49.0,gobinary,CVE-2026-39833,MEDIUM,https://avd.aquasec.com/nvd/cve-2026-39833,metrics-server,0.52.0,false,not_affected,vulnerable_code_not_present
rancher/hardened-k8s-metrics-server:v0.8.1-build20260604,rke2/v1.33.13,golang.org/x/crypto,v0.49.0,gobinary,CVE-2026-39834,MEDIUM,https://avd.aquasec.com/nvd/cve-2026-39834,metrics-server,0.52.0,false,not_affected,vulnerable_code_not_present
rancher/hardened-k8s-metrics-server:v0.8.1-build20260604,rke2/v1.33.13,golang.org/x/crypto,v0.49.0,gobinary,CVE-2026-39835,HIGH,https://avd.aquasec.com/nvd/cve-2026-39835,metrics-server,0.52.0,false,not_affected,vulnerable_code_not_present
rancher/hardened-k8s-metrics-server:v0.8.1-build20260604,rke2/v1.33.13,golang.org/x/net,v0.52.0,gobinary,CVE-2026-42502,MEDIUM,https://avd.aquasec.com/nvd/cve-2026-42502,metrics-server,0.55.0,false,not_affected,vulnerable_code_not_present
rancher/hardened-k8s-metrics-server:v0.8.1-build20260604,rke2/v1.33.13,stdlib,v1.26.4,gobinary,CVE-2026-42505,MEDIUM,https://avd.aquasec.com/nvd/cve-2026-42505,metrics-server,"1.25.12, 1.26.5, 1.27.0-rc.2",false,not_affected,vulnerable_code_cannot_be_controlled_by_adversary
rancher/hardened-k8s-metrics-server:v0.8.1-build20260604,rke2/v1.33.13,golang.org/x/net,v0.52.0,gobinary,CVE-2026-42506,MEDIUM,https://avd.aquasec.com/nvd/cve-2026-42506,metrics-server,0.55.0,false,not_affected,vulnerable_code_not_present
rancher/hardened-k8s-metrics-server:v0.8.1-build20260604,rke2/v1.33.13,golang.org/x/crypto,v0.49.0,gobinary,CVE-2026-42508,HIGH,https://avd.aquasec.com/nvd/cve-2026-42508,metrics-server,0.52.0,false,not_affected,vulnerable_code_not_present
rancher/hardened-k8s-metrics-server:v0.8.1-build20260604,rke2/v1.33.13,golang.org/x/crypto,v0.49.0,gobinary,CVE-2026-46595,HIGH,https://avd.aquasec.com/nvd/cve-2026-46595,metrics-server,0.52.0,false,not_affected,vulnerable_code_not_present
rancher/hardened-k8s-metrics-server:v0.8.1-build20260604,rke2/v1.33.13,golang.org/x/crypto,v0.49.0,gobinary,CVE-2026-46597,HIGH,https://avd.aquasec.com/nvd/cve-2026-46597,metrics-server,0.52.0,false,not_affected,vulnerable_code_not_present
rancher/hardened-k8s-metrics-server:v0.8.1-build20260604,rke2/v1.33.13,golang.org/x/crypto,v0.49.0,gobinary,CVE-2026-46598,MEDIUM,https://avd.aquasec.com/nvd/cve-2026-46598,metrics-server,0.52.0,false,not_affected,vulnerable_code_not_present
rancher/hardened-k8s-metrics-server:v0.8.1-build20260604,rke2/v1.33.13,google.golang.org/grpc,v1.79.3,gobinary,GHSA-hrxh-6v49-42gf,HIGH,https://github.com/advisories/GHSA-hrxh-6v49-42gf,metrics-server,1.82.1,false,affected,
rancher/hardened-kubernetes:v1.33.13-rke2r1-build20260612,rke2/v1.33.13,go.opentelemetry.io/contrib/instrumentation/github.com/emicklei/go-restful/otelrestful,v0.42.0,gobinary,CVE-2023-45142,HIGH,https://avd.aquasec.com/nvd/cve-2023-45142,usr/local/bin/kubelet,0.44.0,false,not_affected,vulnerable_code_not_in_execute_path
rancher/hardened-kubernetes:v1.33.13-rke2r1-build20260612,rke2/v1.33.13,golang.org/x/net,v0.38.0,gobinary,CVE-2025-47911,MEDIUM,https://avd.aquasec.com/nvd/cve-2025-47911,usr/local/bin/kube-apiserver,0.45.0,false,not_affected,vulnerable_code_not_present
rancher/hardened-kubernetes:v1.33.13-rke2r1-build20260612,rke2/v1.33.13,golang.org/x/net,v0.38.0,gobinary,CVE-2025-47911,MEDIUM,https://avd.aquasec.com/nvd/cve-2025-47911,usr/local/bin/kube-controller-manager,0.45.0,false,not_affected,vulnerable_code_not_present
rancher/hardened-kubernetes:v1.33.13-rke2r1-build20260612,rke2/v1.33.13,golang.org/x/net,v0.38.0,gobinary,CVE-2025-47911,MEDIUM,https://avd.aquasec.com/nvd/cve-2025-47911,usr/local/bin/kube-proxy,0.45.0,false,not_affected,vulnerable_code_not_present
rancher/hardened-kubernetes:v1.33.13-rke2r1-build20260612,rke2/v1.33.13,golang.org/x/net,v0.38.0,gobinary,CVE-2025-47911,MEDIUM,https://avd.aquasec.com/nvd/cve-2025-47911,usr/local/bin/kube-scheduler,0.45.0,false,not_affected,vulnerable_code_not_present
rancher/hardened-kubernetes:v1.33.13-rke2r1-build20260612,rke2/v1.33.13,golang.org/x/net,v0.38.0,gobinary,CVE-2025-47911,MEDIUM,https://avd.aquasec.com/nvd/cve-2025-47911,usr/local/bin/kubectl,0.45.0,false,not_affected,vulnerable_code_not_present
rancher/hardened-kubernetes:v1.33.13-rke2r1-build20260612,rke2/v1.33.13,golang.org/x/net,v0.38.0,gobinary,CVE-2025-47911,MEDIUM,https://avd.aquasec.com/nvd/cve-2025-47911,usr/local/bin/kubelet,0.45.0,false,not_affected,vulnerable_code_not_present
rancher/hardened-kubernetes:v1.33.13-rke2r1-build20260612,rke2/v1.33.13,golang.org/x/crypto,v0.36.0,gobinary,CVE-2025-47913,HIGH,https://avd.aquasec.com/nvd/cve-2025-47913,usr/local/bin/kube-apiserver,0.43.0,false,not_affected,vulnerable_code_not_present
rancher/hardened-kubernetes:v1.33.13-rke2r1-build20260612,rke2/v1.33.13,golang.org/x/crypto,v0.36.0,gobinary,CVE-2025-47913,HIGH,https://avd.aquasec.com/nvd/cve-2025-47913,usr/local/bin/kube-controller-manager,0.43.0,false,not_affected,vulnerable_code_not_present
rancher/hardened-kubernetes:v1.33.13-rke2r1-build20260612,rke2/v1.33.13,golang.org/x/crypto,v0.36.0,gobinary,CVE-2025-47913,HIGH,https://avd.aquasec.com/nvd/cve-2025-47913,usr/local/bin/kube-proxy,0.43.0,false,not_affected,vulnerable_code_not_present
rancher/hardened-kubernetes:v1.33.13-rke2r1-build20260612,rke2/v1.33.13,golang.org/x/crypto,v0.36.0,gobinary,CVE-2025-47913,HIGH,https://avd.aquasec.com/nvd/cve-2025-47913,usr/local/bin/kube-scheduler,0.43.0,false,not_affected,vulnerable_code_not_present
rancher/hardened-kubernetes:v1.33.13-rke2r1-build20260612,rke2/v1.33.13,golang.org/x/crypto,v0.36.0,gobinary,CVE-2025-47913,HIGH,https://avd.aquasec.com/nvd/cve-2025-47913,usr/local/bin/kubelet,0.43.0,false,not_affected,vulnerable_code_not_present
rancher/hardened-kubernetes:v1.33.13-rke2r1-build20260612,rke2/v1.33.13,golang.org/x/crypto,v0.36.0,gobinary,CVE-2025-47914,MEDIUM,https://avd.aquasec.com/nvd/cve-2025-47914,usr/local/bin/kube-apiserver,0.45.0,false,not_affected,vulnerable_code_not_present
rancher/hardened-kubernetes:v1.33.13-rke2r1-build20260612,rke2/v1.33.13,golang.org/x/crypto,v0.36.0,gobinary,CVE-2025-47914,MEDIUM,https://avd.aquasec.com/nvd/cve-2025-47914,usr/local/bin/kube-controller-manager,0.45.0,false,not_affected,vulnerable_code_not_present
rancher/hardened-kubernetes:v1.33.13-rke2r1-build20260612,rke2/v1.33.13,golang.org/x/crypto,v0.36.0,gobinary,CVE-2025-47914,MEDIUM,https://avd.aquasec.com/nvd/cve-2025-47914,usr/local/bin/kube-proxy,0.45.0,false,not_affected,vulnerable_code_not_present
rancher/hardened-kubernetes:v1.33.13-rke2r1-build20260612,rke2/v1.33.13,golang.org/x/crypto,v0.36.0,gobinary,CVE-2025-47914,MEDIUM,https://avd.aquasec.com/nvd/cve-2025-47914,usr/local/bin/kube-scheduler,0.45.0,false,not_affected,vulnerable_code_not_present
rancher/hardened-kubernetes:v1.33.13-rke2r1-build20260612,rke2/v1.33.13,golang.org/x/crypto,v0.36.0,gobinary,CVE-2025-47914,MEDIUM,https://avd.aquasec.com/nvd/cve-2025-47914,usr/local/bin/kubelet,0.45.0,false,not_affected,vulnerable_code_not_present
rancher/hardened-kubernetes:v1.33.13-rke2r1-build20260612,rke2/v1.33.13,github.com/opencontainers/selinux,v1.11.1,gobinary,CVE-2025-52881,HIGH,https://avd.aquasec.com/nvd/cve-2025-52881,usr/local/bin/kube-apiserver,1.13.0,false,not_affected,vulnerable_code_not_in_execute_path
rancher/hardened-kubernetes:v1.33.13-rke2r1-build20260612,rke2/v1.33.13,github.com/opencontainers/selinux,v1.11.1,gobinary,CVE-2025-52881,HIGH,https://avd.aquasec.com/nvd/cve-2025-52881,usr/local/bin/kube-controller-manager,1.13.0,false,not_affected,vulnerable_code_not_in_execute_path
rancher/hardened-kubernetes:v1.33.13-rke2r1-build20260612,rke2/v1.33.13,github.com/opencontainers/selinux,v1.11.1,gobinary,CVE-2025-52881,HIGH,https://avd.aquasec.com/nvd/cve-2025-52881,usr/local/bin/kubelet,1.13.0,false,not_affected,vulnerable_code_not_in_execute_path
rancher/hardened-kubernetes:v1.33.13-rke2r1-build20260612,rke2/v1.33.13,golang.org/x/crypto,v0.36.0,gobinary,CVE-2025-58181,MEDIUM,https://avd.aquasec.com/nvd/cve-2025-58181,usr/local/bin/kube-apiserver,0.45.0,false,not_affected,vulnerable_code_not_present
rancher/hardened-kubernetes:v1.33.13-rke2r1-build20260612,rke2/v1.33.13,golang.org/x/crypto,v0.36.0,gobinary,CVE-2025-58181,MEDIUM,https://avd.aquasec.com/nvd/cve-2025-58181,usr/local/bin/kube-controller-manager,0.45.0,false,not_affected,vulnerable_code_not_present
rancher/hardened-kubernetes:v1.33.13-rke2r1-build20260612,rke2/v1.33.13,golang.org/x/crypto,v0.36.0,gobinary,CVE-2025-58181,MEDIUM,https://avd.aquasec.com/nvd/cve-2025-58181,usr/local/bin/kube-proxy,0.45.0,false,not_affected,vulnerable_code_not_present
rancher/hardened-kubernetes:v1.33.13-rke2r1-build20260612,rke2/v1.33.13,golang.org/x/crypto,v0.36.0,gobinary,CVE-2025-58181,MEDIUM,https://avd.aquasec.com/nvd/cve-2025-58181,usr/local/bin/kube-scheduler,0.45.0,false,not_affected,vulnerable_code_not_present
rancher/hardened-kubernetes:v1.33.13-rke2r1-build20260612,rke2/v1.33.13,golang.org/x/crypto,v0.36.0,gobinary,CVE-2025-58181,MEDIUM,https://avd.aquasec.com/nvd/cve-2025-58181,usr/local/bin/kubelet,0.45.0,false,not_affected,vulnerable_code_not_present
rancher/hardened-kubernetes:v1.33.13-rke2r1-build20260612,rke2/v1.33.13,golang.org/x/net,v0.38.0,gobinary,CVE-2025-58190,MEDIUM,https://avd.aquasec.com/nvd/cve-2025-58190,usr/local/bin/kube-apiserver,0.45.0,false,not_affected,vulnerable_code_not_present
rancher/hardened-kubernetes:v1.33.13-rke2r1-build20260612,rke2/v1.33.13,golang.org/x/net,v0.38.0,gobinary,CVE-2025-58190,MEDIUM,https://avd.aquasec.com/nvd/cve-2025-58190,usr/local/bin/kube-controller-manager,0.45.0,false,not_affected,vulnerable_code_not_present
rancher/hardened-kubernetes:v1.33.13-rke2r1-build20260612,rke2/v1.33.13,golang.org/x/net,v0.38.0,gobinary,CVE-2025-58190,MEDIUM,https://avd.aquasec.com/nvd/cve-2025-58190,usr/local/bin/kube-proxy,0.45.0,false,not_affected,vulnerable_code_not_present
rancher/hardened-kubernetes:v1.33.13-rke2r1-build20260612,rke2/v1.33.13,golang.org/x/net,v0.38.0,gobinary,CVE-2025-58190,MEDIUM,https://avd.aquasec.com/nvd/cve-2025-58190,usr/local/bin/kube-scheduler,0.45.0,false,not_affected,vulnerable_code_not_present
rancher/hardened-kubernetes:v1.33.13-rke2r1-build20260612,rke2/v1.33.13,golang.org/x/net,v0.38.0,gobinary,CVE-2025-58190,MEDIUM,https://avd.aquasec.com/nvd/cve-2025-58190,usr/local/bin/kubectl,0.45.0,false,not_affected,vulnerable_code_not_present
rancher/hardened-kubernetes:v1.33.13-rke2r1-build20260612,rke2/v1.33.13,golang.org/x/net,v0.38.0,gobinary,CVE-2025-58190,MEDIUM,https://avd.aquasec.com/nvd/cve-2025-58190,usr/local/bin/kubelet,0.45.0,false,not_affected,vulnerable_code_not_present
rancher/hardened-kubernetes:v1.33.13-rke2r1-build20260612,rke2/v1.33.13,go.opentelemetry.io/otel/sdk,v1.33.0,gobinary,CVE-2026-24051,HIGH,https://avd.aquasec.com/nvd/cve-2026-24051,usr/local/bin/kube-apiserver,1.40.0,false,not_affected,vulnerable_code_not_present
rancher/hardened-kubernetes:v1.33.13-rke2r1-build20260612,rke2/v1.33.13,go.opentelemetry.io/otel/sdk,v1.33.0,gobinary,CVE-2026-24051,HIGH,https://avd.aquasec.com/nvd/cve-2026-24051,usr/local/bin/kube-controller-manager,1.40.0,false,not_affected,vulnerable_code_not_present
rancher/hardened-kubernetes:v1.33.13-rke2r1-build20260612,rke2/v1.33.13,go.opentelemetry.io/otel/sdk,v1.33.0,gobinary,CVE-2026-24051,HIGH,https://avd.aquasec.com/nvd/cve-2026-24051,usr/local/bin/kube-proxy,1.40.0,false,not_affected,vulnerable_code_not_present
rancher/hardened-kubernetes:v1.33.13-rke2r1-build20260612,rke2/v1.33.13,go.opentelemetry.io/otel/sdk,v1.33.0,gobinary,CVE-2026-24051,HIGH,https://avd.aquasec.com/nvd/cve-2026-24051,usr/local/bin/kube-scheduler,1.40.0,false,not_affected,vulnerable_code_not_present
rancher/hardened-kubernetes:v1.33.13-rke2r1-build20260612,rke2/v1.33.13,go.opentelemetry.io/otel/sdk,v1.33.0,gobinary,CVE-2026-24051,HIGH,https://avd.aquasec.com/nvd/cve-2026-24051,usr/local/bin/kubelet,1.40.0,false,not_affected,vulnerable_code_not_present
rancher/hardened-kubernetes:v1.33.13-rke2r1-build20260612,rke2/v1.33.13,golang.org/x/net,v0.38.0,gobinary,CVE-2026-25680,MEDIUM,https://avd.aquasec.com/nvd/cve-2026-25680,usr/local/bin/kube-apiserver,0.55.0,false,not_affected,vulnerable_code_not_present
rancher/hardened-kubernetes:v1.33.13-rke2r1-build20260612,rke2/v1.33.13,golang.org/x/net,v0.38.0,gobinary,CVE-2026-25680,MEDIUM,https://avd.aquasec.com/nvd/cve-2026-25680,usr/local/bin/kube-controller-manager,0.55.0,false,not_affected,vulnerable_code_not_present
rancher/hardened-kubernetes:v1.33.13-rke2r1-build20260612,rke2/v1.33.13,golang.org/x/net,v0.38.0,gobinary,CVE-2026-25680,MEDIUM,https://avd.aquasec.com/nvd/cve-2026-25680,usr/local/bin/kube-proxy,0.55.0,false,not_affected,vulnerable_code_not_present
rancher/hardened-kubernetes:v1.33.13-rke2r1-build20260612,rke2/v1.33.13,golang.org/x/net,v0.38.0,gobinary,CVE-2026-25680,MEDIUM,https://avd.aquasec.com/nvd/cve-2026-25680,usr/local/bin/kube-scheduler,0.55.0,false,not_affected,vulnerable_code_not_present
rancher/hardened-kubernetes:v1.33.13-rke2r1-build20260612,rke2/v1.33.13,golang.org/x/net,v0.38.0,gobinary,CVE-2026-25680,MEDIUM,https://avd.aquasec.com/nvd/cve-2026-25680,usr/local/bin/kubectl,0.55.0,false,not_affected,vulnerable_code_not_present
rancher/hardened-kubernetes:v1.33.13-rke2r1-build20260612,rke2/v1.33.13,golang.org/x/net,v0.38.0,gobinary,CVE-2026-25680,MEDIUM,https://avd.aquasec.com/nvd/cve-2026-25680,usr/local/bin/kubelet,0.55.0,false,not_affected,vulnerable_code_not_present
rancher/hardened-kubernetes:v1.33.13-rke2r1-build20260612,rke2/v1.33.13,golang.org/x/net,v0.38.0,gobinary,CVE-2026-25681,HIGH,https://avd.aquasec.com/nvd/cve-2026-25681,usr/local/bin/kube-apiserver,0.55.0,false,not_affected,vulnerable_code_not_present
rancher/hardened-kubernetes:v1.33.13-rke2r1-build20260612,rke2/v1.33.13,golang.org/x/net,v0.38.0,gobinary,CVE-2026-25681,HIGH,https://avd.aquasec.com/nvd/cve-2026-25681,usr/local/bin/kube-controller-manager,0.55.0,false,not_affected,vulnerable_code_not_present
rancher/hardened-kubernetes:v1.33.13-rke2r1-build20260612,rke2/v1.33.13,golang.org/x/net,v0.38.0,gobinary,CVE-2026-25681,HIGH,https://avd.aquasec.com/nvd/cve-2026-25681,usr/local/bin/kube-proxy,0.55.0,false,not_affected,vulnerable_code_not_present
rancher/hardened-kubernetes:v1.33.13-rke2r1-build20260612,rke2/v1.33.13,golang.org/x/net,v0.38.0,gobinary,CVE-2026-25681,HIGH,https://avd.aquasec.com/nvd/cve-2026-25681,usr/local/bin/kube-scheduler,0.55.0,false,not_affected,vulnerable_code_not_present
rancher/hardened-kubernetes:v1.33.13-rke2r1-build20260612,rke2/v1.33.13,golang.org/x/net,v0.38.0,gobinary,CVE-2026-25681,HIGH,https://avd.aquasec.com/nvd/cve-2026-25681,usr/local/bin/kubectl,0.55.0,false,not_affected,vulnerable_code_not_present
rancher/hardened-kubernetes:v1.33.13-rke2r1-build20260612,rke2/v1.33.13,golang.org/x/net,v0.38.0,gobinary,CVE-2026-25681,HIGH,https://avd.aquasec.com/nvd/cve-2026-25681,usr/local/bin/kubelet,0.55.0,false,not_affected,vulnerable_code_not_present
rancher/hardened-kubernetes:v1.33.13-rke2r1-build20260612,rke2/v1.33.13,golang.org/x/net,v0.38.0,gobinary,CVE-2026-27136,HIGH,https://avd.aquasec.com/nvd/cve-2026-27136,usr/local/bin/kube-apiserver,0.55.0,false,not_affected,vulnerable_code_not_present
rancher/hardened-kubernetes:v1.33.13-rke2r1-build20260612,rke2/v1.33.13,golang.org/x/net,v0.38.0,gobinary,CVE-2026-27136,HIGH,https://avd.aquasec.com/nvd/cve-2026-27136,usr/local/bin/kube-controller-manager,0.55.0,false,not_affected,vulnerable_code_not_present
rancher/hardened-kubernetes:v1.33.13-rke2r1-build20260612,rke2/v1.33.13,golang.org/x/net,v0.38.0,gobinary,CVE-2026-27136,HIGH,https://avd.aquasec.com/nvd/cve-2026-27136,usr/local/bin/kube-proxy,0.55.0,false,not_affected,vulnerable_code_not_present
rancher/hardened-kubernetes:v1.33.13-rke2r1-build20260612,rke2/v1.33.13,golang.org/x/net,v0.38.0,gobinary,CVE-2026-27136,HIGH,https://avd.aquasec.com/nvd/cve-2026-27136,usr/local/bin/kube-scheduler,0.55.0,false,not_affected,vulnerable_code_not_present
rancher/hardened-kubernetes:v1.33.13-rke2r1-build20260612,rke2/v1.33.13,golang.org/x/net,v0.38.0,gobinary,CVE-2026-27136,HIGH,https://avd.aquasec.com/nvd/cve-2026-27136,usr/local/bin/kubectl,0.55.0,false,not_affected,vulnerable_code_not_present
rancher/hardened-kubernetes:v1.33.13-rke2r1-build20260612,rke2/v1.33.13,golang.org/x/net,v0.38.0,gobinary,CVE-2026-27136,HIGH,https://avd.aquasec.com/nvd/cve-2026-27136,usr/local/bin/kubelet,0.55.0,false,not_affected,vulnerable_code_not_present
rancher/hardened-kubernetes:v1.33.13-rke2r1-build20260612,rke2/v1.33.13,google.golang.org/grpc,v1.68.1,gobinary,CVE-2026-33186,CRITICAL,https://avd.aquasec.com/nvd/cve-2026-33186,usr/local/bin/kube-apiserver,1.79.3,false,not_affected,vulnerable_code_not_present
rancher/hardened-kubernetes:v1.33.13-rke2r1-build20260612,rke2/v1.33.13,google.golang.org/grpc,v1.68.1,gobinary,CVE-2026-33186,CRITICAL,https://avd.aquasec.com/nvd/cve-2026-33186,usr/local/bin/kube-controller-manager,1.79.3,false,not_affected,vulnerable_code_not_present
rancher/hardened-kubernetes:v1.33.13-rke2r1-build20260612,rke2/v1.33.13,google.golang.org/grpc,v1.68.1,gobinary,CVE-2026-33186,CRITICAL,https://avd.aquasec.com/nvd/cve-2026-33186,usr/local/bin/kube-proxy,1.79.3,false,not_affected,vulnerable_code_not_present
rancher/hardened-kubernetes:v1.33.13-rke2r1-build20260612,rke2/v1.33.13,google.golang.org/grpc,v1.68.1,gobinary,CVE-2026-33186,CRITICAL,https://avd.aquasec.com/nvd/cve-2026-33186,usr/local/bin/kube-scheduler,1.79.3,false,not_affected,vulnerable_code_not_present
rancher/hardened-kubernetes:v1.33.13-rke2r1-build20260612,rke2/v1.33.13,google.golang.org/grpc,v1.68.1,gobinary,CVE-2026-33186,CRITICAL,https://avd.aquasec.com/nvd/cve-2026-33186,usr/local/bin/kubelet,1.79.3,false,not_affected,vulnerable_code_not_present
rancher/hardened-kubernetes:v1.33.13-rke2r1-build20260612,rke2/v1.33.13,golang.org/x/net,v0.38.0,gobinary,CVE-2026-33814,HIGH,https://avd.aquasec.com/nvd/cve-2026-33814,usr/local/bin/kube-apiserver,0.53.0,false,affected,
rancher/hardened-kubernetes:v1.33.13-rke2r1-build20260612,rke2/v1.33.13,golang.org/x/net,v0.38.0,gobinary,CVE-2026-33814,HIGH,https://avd.aquasec.com/nvd/cve-2026-33814,usr/local/bin/kube-controller-manager,0.53.0,false,affected,
rancher/hardened-kubernetes:v1.33.13-rke2r1-build20260612,rke2/v1.33.13,golang.org/x/net,v0.38.0,gobinary,CVE-2026-33814,HIGH,https://avd.aquasec.com/nvd/cve-2026-33814,usr/local/bin/kube-proxy,0.53.0,false,affected,
rancher/hardened-kubernetes:v1.33.13-rke2r1-build20260612,rke2/v1.33.13,golang.org/x/net,v0.38.0,gobinary,CVE-2026-33814,HIGH,https://avd.aquasec.com/nvd/cve-2026-33814,usr/local/bin/kube-scheduler,0.53.0,false,affected,
rancher/hardened-kubernetes:v1.33.13-rke2r1-build20260612,rke2/v1.33.13,golang.org/x/net,v0.38.0,gobinary,CVE-2026-33814,HIGH,https://avd.aquasec.com/nvd/cve-2026-33814,usr/local/bin/kubectl,0.53.0,false,affected,
rancher/hardened-kubernetes:v1.33.13-rke2r1-build20260612,rke2/v1.33.13,golang.org/x/net,v0.38.0,gobinary,CVE-2026-33814,HIGH,https://avd.aquasec.com/nvd/cve-2026-33814,usr/local/bin/kubelet,0.53.0,false,affected,
rancher/hardened-kubernetes:v1.33.13-rke2r1-build20260612,rke2/v1.33.13,golang.org/x/net,v0.38.0,gobinary,CVE-2026-39821,HIGH,https://avd.aquasec.com/nvd/cve-2026-39821,usr/local/bin/kube-apiserver,0.55.0,false,affected,
rancher/hardened-kubernetes:v1.33.13-rke2r1-build20260612,rke2/v1.33.13,golang.org/x/net,v0.38.0,gobinary,CVE-2026-39821,HIGH,https://avd.aquasec.com/nvd/cve-2026-39821,usr/local/bin/kube-controller-manager,0.55.0,false,affected,
rancher/hardened-kubernetes:v1.33.13-rke2r1-build20260612,rke2/v1.33.13,golang.org/x/net,v0.38.0,gobinary,CVE-2026-39821,HIGH,https://avd.aquasec.com/nvd/cve-2026-39821,usr/local/bin/kube-proxy,0.55.0,false,affected,
rancher/hardened-kubernetes:v1.33.13-rke2r1-build20260612,rke2/v1.33.13,golang.org/x/net,v0.38.0,gobinary,CVE-2026-39821,HIGH,https://avd.aquasec.com/nvd/cve-2026-39821,usr/local/bin/kube-scheduler,0.55.0,false,affected,
rancher/hardened-kubernetes:v1.33.13-rke2r1-build20260612,rke2/v1.33.13,golang.org/x/net,v0.38.0,gobinary,CVE-2026-39821,HIGH,https://avd.aquasec.com/nvd/cve-2026-39821,usr/local/bin/kubectl,0.55.0,false,affected,
rancher/hardened-kubernetes:v1.33.13-rke2r1-build20260612,rke2/v1.33.13,golang.org/x/net,v0.38.0,gobinary,CVE-2026-39821,HIGH,https://avd.aquasec.com/nvd/cve-2026-39821,usr/local/bin/kubelet,0.55.0,false,affected,
rancher/hardened-kubernetes:v1.33.13-rke2r1-build20260612,rke2/v1.33.13,stdlib,v1.25.11,gobinary,CVE-2026-39822,HIGH,https://avd.aquasec.com/nvd/cve-2026-39822,usr/local/bin/kube-apiserver,"1.25.12, 1.26.5, 1.27.0-rc.2",false,not_affected,vulnerable_code_not_in_execute_path
rancher/hardened-kubernetes:v1.33.13-rke2r1-build20260612,rke2/v1.33.13,stdlib,v1.25.11,gobinary,CVE-2026-39822,HIGH,https://avd.aquasec.com/nvd/cve-2026-39822,usr/local/bin/kube-controller-manager,"1.25.12, 1.26.5, 1.27.0-rc.2",false,not_affected,vulnerable_code_not_in_execute_path
rancher/hardened-kubernetes:v1.33.13-rke2r1-build20260612,rke2/v1.33.13,stdlib,v1.25.11,gobinary,CVE-2026-39822,HIGH,https://avd.aquasec.com/nvd/cve-2026-39822,usr/local/bin/kube-proxy,"1.25.12, 1.26.5, 1.27.0-rc.2",false,not_affected,vulnerable_code_not_in_execute_path
rancher/hardened-kubernetes:v1.33.13-rke2r1-build20260612,rke2/v1.33.13,stdlib,v1.25.11,gobinary,CVE-2026-39822,HIGH,https://avd.aquasec.com/nvd/cve-2026-39822,usr/local/bin/kube-scheduler,"1.25.12, 1.26.5, 1.27.0-rc.2",false,not_affected,vulnerable_code_not_in_execute_path
rancher/hardened-kubernetes:v1.33.13-rke2r1-build20260612,rke2/v1.33.13,stdlib,v1.25.11,gobinary,CVE-2026-39822,HIGH,https://avd.aquasec.com/nvd/cve-2026-39822,usr/local/bin/kubectl,"1.25.12, 1.26.5, 1.27.0-rc.2",false,not_affected,vulnerable_code_not_in_execute_path
rancher/hardened-kubernetes:v1.33.13-rke2r1-build20260612,rke2/v1.33.13,stdlib,v1.25.11,gobinary,CVE-2026-39822,HIGH,https://avd.aquasec.com/nvd/cve-2026-39822,usr/local/bin/kubelet,"1.25.12, 1.26.5, 1.27.0-rc.2",false,not_affected,vulnerable_code_not_in_execute_path
rancher/hardened-kubernetes:v1.33.13-rke2r1-build20260612,rke2/v1.33.13,golang.org/x/crypto,v0.36.0,gobinary,CVE-2026-39827,MEDIUM,https://avd.aquasec.com/nvd/cve-2026-39827,usr/local/bin/kube-apiserver,0.52.0,false,not_affected,vulnerable_code_not_present
rancher/hardened-kubernetes:v1.33.13-rke2r1-build20260612,rke2/v1.33.13,golang.org/x/crypto,v0.36.0,gobinary,CVE-2026-39827,MEDIUM,https://avd.aquasec.com/nvd/cve-2026-39827,usr/local/bin/kube-controller-manager,0.52.0,false,not_affected,vulnerable_code_not_present
rancher/hardened-kubernetes:v1.33.13-rke2r1-build20260612,rke2/v1.33.13,golang.org/x/crypto,v0.36.0,gobinary,CVE-2026-39827,MEDIUM,https://avd.aquasec.com/nvd/cve-2026-39827,usr/local/bin/kube-proxy,0.52.0,false,not_affected,vulnerable_code_not_present
rancher/hardened-kubernetes:v1.33.13-rke2r1-build20260612,rke2/v1.33.13,golang.org/x/crypto,v0.36.0,gobinary,CVE-2026-39827,MEDIUM,https://avd.aquasec.com/nvd/cve-2026-39827,usr/local/bin/kube-scheduler,0.52.0,false,not_affected,vulnerable_code_not_present
rancher/hardened-kubernetes:v1.33.13-rke2r1-build20260612,rke2/v1.33.13,golang.org/x/crypto,v0.36.0,gobinary,CVE-2026-39827,MEDIUM,https://avd.aquasec.com/nvd/cve-2026-39827,usr/local/bin/kubelet,0.52.0,false,not_affected,vulnerable_code_not_present
rancher/hardened-kubernetes:v1.33.13-rke2r1-build20260612,rke2/v1.33.13,golang.org/x/crypto,v0.36.0,gobinary,CVE-2026-39828,HIGH,https://avd.aquasec.com/nvd/cve-2026-39828,usr/local/bin/kube-apiserver,0.52.0,false,not_affected,vulnerable_code_not_present
rancher/hardened-kubernetes:v1.33.13-rke2r1-build20260612,rke2/v1.33.13,golang.org/x/crypto,v0.36.0,gobinary,CVE-2026-39828,HIGH,https://avd.aquasec.com/nvd/cve-2026-39828,usr/local/bin/kube-controller-manager,0.52.0,false,not_affected,vulnerable_code_not_present
rancher/hardened-kubernetes:v1.33.13-rke2r1-build20260612,rke2/v1.33.13,golang.org/x/crypto,v0.36.0,gobinary,CVE-2026-39828,HIGH,https://avd.aquasec.com/nvd/cve-2026-39828,usr/local/bin/kube-proxy,0.52.0,false,not_affected,vulnerable_code_not_present
rancher/hardened-kubernetes:v1.33.13-rke2r1-build20260612,rke2/v1.33.13,golang.org/x/crypto,v0.36.0,gobinary,CVE-2026-39828,HIGH,https://avd.aquasec.com/nvd/cve-2026-39828,usr/local/bin/kube-scheduler,0.52.0,false,not_affected,vulnerable_code_not_present
rancher/hardened-kubernetes:v1.33.13-rke2r1-build20260612,rke2/v1.33.13,golang.org/x/crypto,v0.36.0,gobinary,CVE-2026-39828,HIGH,https://avd.aquasec.com/nvd/cve-2026-39828,usr/local/bin/kubelet,0.52.0,false,not_affected,vulnerable_code_not_present
rancher/hardened-kubernetes:v1.33.13-rke2r1-build20260612,rke2/v1.33.13,golang.org/x/crypto,v0.36.0,gobinary,CVE-2026-39829,HIGH,https://avd.aquasec.com/nvd/cve-2026-39829,usr/local/bin/kube-apiserver,0.52.0,false,not_affected,vulnerable_code_not_present
rancher/hardened-kubernetes:v1.33.13-rke2r1-build20260612,rke2/v1.33.13,golang.org/x/crypto,v0.36.0,gobinary,CVE-2026-39829,HIGH,https://avd.aquasec.com/nvd/cve-2026-39829,usr/local/bin/kube-controller-manager,0.52.0,false,not_affected,vulnerable_code_not_present
rancher/hardened-kubernetes:v1.33.13-rke2r1-build20260612,rke2/v1.33.13,golang.org/x/crypto,v0.36.0,gobinary,CVE-2026-39829,HIGH,https://avd.aquasec.com/nvd/cve-2026-39829,usr/local/bin/kube-proxy,0.52.0,false,not_affected,vulnerable_code_not_present
rancher/hardened-kubernetes:v1.33.13-rke2r1-build20260612,rke2/v1.33.13,golang.org/x/crypto,v0.36.0,gobinary,CVE-2026-39829,HIGH,https://avd.aquasec.com/nvd/cve-2026-39829,usr/local/bin/kube-scheduler,0.52.0,false,not_affected,vulnerable_code_not_present
rancher/hardened-kubernetes:v1.33.13-rke2r1-build20260612,rke2/v1.33.13,golang.org/x/crypto,v0.36.0,gobinary,CVE-2026-39829,HIGH,https://avd.aquasec.com/nvd/cve-2026-39829,usr/local/bin/kubelet,0.52.0,false,not_affected,vulnerable_code_not_present
rancher/hardened-kubernetes:v1.33.13-rke2r1-build20260612,rke2/v1.33.13,golang.org/x/crypto,v0.36.0,gobinary,CVE-2026-39830,HIGH,https://avd.aquasec.com/nvd/cve-2026-39830,usr/local/bin/kube-apiserver,0.52.0,false,not_affected,vulnerable_code_not_present
rancher/hardened-kubernetes:v1.33.13-rke2r1-build20260612,rke2/v1.33.13,golang.org/x/crypto,v0.36.0,gobinary,CVE-2026-39830,HIGH,https://avd.aquasec.com/nvd/cve-2026-39830,usr/local/bin/kube-controller-manager,0.52.0,false,not_affected,vulnerable_code_not_present
rancher/hardened-kubernetes:v1.33.13-rke2r1-build20260612,rke2/v1.33.13,golang.org/x/crypto,v0.36.0,gobinary,CVE-2026-39830,HIGH,https://avd.aquasec.com/nvd/cve-2026-39830,usr/local/bin/kube-proxy,0.52.0,false,not_affected,vulnerable_code_not_present
rancher/hardened-kubernetes:v1.33.13-rke2r1-build20260612,rke2/v1.33.13,golang.org/x/crypto,v0.36.0,gobinary,CVE-2026-39830,HIGH,https://avd.aquasec.com/nvd/cve-2026-39830,usr/local/bin/kube-scheduler,0.52.0,false,not_affected,vulnerable_code_not_present
rancher/hardened-kubernetes:v1.33.13-rke2r1-build20260612,rke2/v1.33.13,golang.org/x/crypto,v0.36.0,gobinary,CVE-2026-39830,HIGH,https://avd.aquasec.com/nvd/cve-2026-39830,usr/local/bin/kubelet,0.52.0,false,not_affected,vulnerable_code_not_present
rancher/hardened-kubernetes:v1.33.13-rke2r1-build20260612,rke2/v1.33.13,golang.org/x/crypto,v0.36.0,gobinary,CVE-2026-39831,HIGH,https://avd.aquasec.com/nvd/cve-2026-39831,usr/local/bin/kube-apiserver,0.52.0,false,not_affected,vulnerable_code_not_present
rancher/hardened-kubernetes:v1.33.13-rke2r1-build20260612,rke2/v1.33.13,golang.org/x/crypto,v0.36.0,gobinary,CVE-2026-39831,HIGH,https://avd.aquasec.com/nvd/cve-2026-39831,usr/local/bin/kube-controller-manager,0.52.0,false,not_affected,vulnerable_code_not_present
rancher/hardened-kubernetes:v1.33.13-rke2r1-build20260612,rke2/v1.33.13,golang.org/x/crypto,v0.36.0,gobinary,CVE-2026-39831,HIGH,https://avd.aquasec.com/nvd/cve-2026-39831,usr/local/bin/kube-proxy,0.52.0,false,not_affected,vulnerable_code_not_present
rancher/hardened-kubernetes:v1.33.13-rke2r1-build20260612,rke2/v1.33.13,golang.org/x/crypto,v0.36.0,gobinary,CVE-2026-39831,HIGH,https://avd.aquasec.com/nvd/cve-2026-39831,usr/local/bin/kube-scheduler,0.52.0,false,not_affected,vulnerable_code_not_present
rancher/hardened-kubernetes:v1.33.13-rke2r1-build20260612,rke2/v1.33.13,golang.org/x/crypto,v0.36.0,gobinary,CVE-2026-39831,HIGH,https://avd.aquasec.com/nvd/cve-2026-39831,usr/local/bin/kubelet,0.52.0,false,not_affected,vulnerable_code_not_present
rancher/hardened-kubernetes:v1.33.13-rke2r1-build20260612,rke2/v1.33.13,golang.org/x/crypto,v0.36.0,gobinary,CVE-2026-39832,HIGH,https://avd.aquasec.com/nvd/cve-2026-39832,usr/local/bin/kube-apiserver,0.52.0,false,not_affected,vulnerable_code_not_present
rancher/hardened-kubernetes:v1.33.13-rke2r1-build20260612,rke2/v1.33.13,golang.org/x/crypto,v0.36.0,gobinary,CVE-2026-39832,HIGH,https://avd.aquasec.com/nvd/cve-2026-39832,usr/local/bin/kube-controller-manager,0.52.0,false,not_affected,vulnerable_code_not_present
rancher/hardened-kubernetes:v1.33.13-rke2r1-build20260612,rke2/v1.33.13,golang.org/x/crypto,v0.36.0,gobinary,CVE-2026-39832,HIGH,https://avd.aquasec.com/nvd/cve-2026-39832,usr/local/bin/kube-proxy,0.52.0,false,not_affected,vulnerable_code_not_present
rancher/hardened-kubernetes:v1.33.13-rke2r1-build20260612,rke2/v1.33.13,golang.org/x/crypto,v0.36.0,gobinary,CVE-2026-39832,HIGH,https://avd.aquasec.com/nvd/cve-2026-39832,usr/local/bin/kube-scheduler,0.52.0,false,not_affected,vulnerable_code_not_present
rancher/hardened-kubernetes:v1.33.13-rke2r1-build20260612,rke2/v1.33.13,golang.org/x/crypto,v0.36.0,gobinary,CVE-2026-39832,HIGH,https://avd.aquasec.com/nvd/cve-2026-39832,usr/local/bin/kubelet,0.52.0,false,not_affected,vulnerable_code_not_present
rancher/hardened-kubernetes:v1.33.13-rke2r1-build20260612,rke2/v1.33.13,golang.org/x/crypto,v0.36.0,gobinary,CVE-2026-39833,MEDIUM,https://avd.aquasec.com/nvd/cve-2026-39833,usr/local/bin/kube-apiserver,0.52.0,false,not_affected,vulnerable_code_not_present
rancher/hardened-kubernetes:v1.33.13-rke2r1-build20260612,rke2/v1.33.13,golang.org/x/crypto,v0.36.0,gobinary,CVE-2026-39833,MEDIUM,https://avd.aquasec.com/nvd/cve-2026-39833,usr/local/bin/kube-controller-manager,0.52.0,false,not_affected,vulnerable_code_not_present
rancher/hardened-kubernetes:v1.33.13-rke2r1-build20260612,rke2/v1.33.13,golang.org/x/crypto,v0.36.0,gobinary,CVE-2026-39833,MEDIUM,https://avd.aquasec.com/nvd/cve-2026-39833,usr/local/bin/kube-proxy,0.52.0,false,not_affected,vulnerable_code_not_present
rancher/hardened-kubernetes:v1.33.13-rke2r1-build20260612,rke2/v1.33.13,golang.org/x/crypto,v0.36.0,gobinary,CVE-2026-39833,MEDIUM,https://avd.aquasec.com/nvd/cve-2026-39833,usr/local/bin/kube-scheduler,0.52.0,false,not_affected,vulnerable_code_not_present
rancher/hardened-kubernetes:v1.33.13-rke2r1-build20260612,rke2/v1.33.13,golang.org/x/crypto,v0.36.0,gobinary,CVE-2026-39833,MEDIUM,https://avd.aquasec.com/nvd/cve-2026-39833,usr/local/bin/kubelet,0.52.0,false,not_affected,vulnerable_code_not_present
rancher/hardened-kubernetes:v1.33.13-rke2r1-build20260612,rke2/v1.33.13,golang.org/x/crypto,v0.36.0,gobinary,CVE-2026-39834,MEDIUM,https://avd.aquasec.com/nvd/cve-2026-39834,usr/local/bin/kube-apiserver,0.52.0,false,not_affected,vulnerable_code_not_present
rancher/hardened-kubernetes:v1.33.13-rke2r1-build20260612,rke2/v1.33.13,golang.org/x/crypto,v0.36.0,gobinary,CVE-2026-39834,MEDIUM,https://avd.aquasec.com/nvd/cve-2026-39834,usr/local/bin/kube-controller-manager,0.52.0,false,not_affected,vulnerable_code_not_present
rancher/hardened-kubernetes:v1.33.13-rke2r1-build20260612,rke2/v1.33.13,golang.org/x/crypto,v0.36.0,gobinary,CVE-2026-39834,MEDIUM,https://avd.aquasec.com/nvd/cve-2026-39834,usr/local/bin/kube-proxy,0.52.0,false,not_affected,vulnerable_code_not_present
rancher/hardened-kubernetes:v1.33.13-rke2r1-build20260612,rke2/v1.33.13,golang.org/x/crypto,v0.36.0,gobinary,CVE-2026-39834,MEDIUM,https://avd.aquasec.com/nvd/cve-2026-39834,usr/local/bin/kube-scheduler,0.52.0,false,not_affected,vulnerable_code_not_present
rancher/hardened-kubernetes:v1.33.13-rke2r1-build20260612,rke2/v1.33.13,golang.org/x/crypto,v0.36.0,gobinary,CVE-2026-39834,MEDIUM,https://avd.aquasec.com/nvd/cve-2026-39834,usr/local/bin/kubelet,0.52.0,false,not_affected,vulnerable_code_not_present
rancher/hardened-kubernetes:v1.33.13-rke2r1-build20260612,rke2/v1.33.13,golang.org/x/crypto,v0.36.0,gobinary,CVE-2026-39835,HIGH,https://avd.aquasec.com/nvd/cve-2026-39835,usr/local/bin/kube-apiserver,0.52.0,false,not_affected,vulnerable_code_not_present
rancher/hardened-kubernetes:v1.33.13-rke2r1-build20260612,rke2/v1.33.13,golang.org/x/crypto,v0.36.0,gobinary,CVE-2026-39835,HIGH,https://avd.aquasec.com/nvd/cve-2026-39835,usr/local/bin/kube-controller-manager,0.52.0,false,not_affected,vulnerable_code_not_present
rancher/hardened-kubernetes:v1.33.13-rke2r1-build20260612,rke2/v1.33.13,golang.org/x/crypto,v0.36.0,gobinary,CVE-2026-39835,HIGH,https://avd.aquasec.com/nvd/cve-2026-39835,usr/local/bin/kube-proxy,0.52.0,false,not_affected,vulnerable_code_not_present
rancher/hardened-kubernetes:v1.33.13-rke2r1-build20260612,rke2/v1.33.13,golang.org/x/crypto,v0.36.0,gobinary,CVE-2026-39835,HIGH,https://avd.aquasec.com/nvd/cve-2026-39835,usr/local/bin/kube-scheduler,0.52.0,false,not_affected,vulnerable_code_not_present
rancher/hardened-kubernetes:v1.33.13-rke2r1-build20260612,rke2/v1.33.13,golang.org/x/crypto,v0.36.0,gobinary,CVE-2026-39835,HIGH,https://avd.aquasec.com/nvd/cve-2026-39835,usr/local/bin/kubelet,0.52.0,false,not_affected,vulnerable_code_not_present
rancher/hardened-kubernetes:v1.33.13-rke2r1-build20260612,rke2/v1.33.13,go.opentelemetry.io/otel/sdk,v1.33.0,gobinary,CVE-2026-39883,HIGH,https://avd.aquasec.com/nvd/cve-2026-39883,usr/local/bin/kube-apiserver,1.43.0,false,not_affected,vulnerable_code_not_in_execute_path
rancher/hardened-kubernetes:v1.33.13-rke2r1-build20260612,rke2/v1.33.13,go.opentelemetry.io/otel/sdk,v1.33.0,gobinary,CVE-2026-39883,HIGH,https://avd.aquasec.com/nvd/cve-2026-39883,usr/local/bin/kube-controller-manager,1.43.0,false,not_affected,vulnerable_code_not_in_execute_path
rancher/hardened-kubernetes:v1.33.13-rke2r1-build20260612,rke2/v1.33.13,go.opentelemetry.io/otel/sdk,v1.33.0,gobinary,CVE-2026-39883,HIGH,https://avd.aquasec.com/nvd/cve-2026-39883,usr/local/bin/kube-proxy,1.43.0,false,not_affected,vulnerable_code_not_in_execute_path
rancher/hardened-kubernetes:v1.33.13-rke2r1-build20260612,rke2/v1.33.13,go.opentelemetry.io/otel/sdk,v1.33.0,gobinary,CVE-2026-39883,HIGH,https://avd.aquasec.com/nvd/cve-2026-39883,usr/local/bin/kube-scheduler,1.43.0,false,not_affected,vulnerable_code_not_in_execute_path
rancher/hardened-kubernetes:v1.33.13-rke2r1-build20260612,rke2/v1.33.13,go.opentelemetry.io/otel/sdk,v1.33.0,gobinary,CVE-2026-39883,HIGH,https://avd.aquasec.com/nvd/cve-2026-39883,usr/local/bin/kubelet,1.43.0,false,not_affected,vulnerable_code_not_in_execute_path
rancher/hardened-kubernetes:v1.33.13-rke2r1-build20260612,rke2/v1.33.13,golang.org/x/net,v0.38.0,gobinary,CVE-2026-42502,MEDIUM,https://avd.aquasec.com/nvd/cve-2026-42502,usr/local/bin/kube-apiserver,0.55.0,false,not_affected,vulnerable_code_not_present
rancher/hardened-kubernetes:v1.33.13-rke2r1-build20260612,rke2/v1.33.13,golang.org/x/net,v0.38.0,gobinary,CVE-2026-42502,MEDIUM,https://avd.aquasec.com/nvd/cve-2026-42502,usr/local/bin/kube-controller-manager,0.55.0,false,not_affected,vulnerable_code_not_present
rancher/hardened-kubernetes:v1.33.13-rke2r1-build20260612,rke2/v1.33.13,golang.org/x/net,v0.38.0,gobinary,CVE-2026-42502,MEDIUM,https://avd.aquasec.com/nvd/cve-2026-42502,usr/local/bin/kube-proxy,0.55.0,false,not_affected,vulnerable_code_not_present
rancher/hardened-kubernetes:v1.33.13-rke2r1-build20260612,rke2/v1.33.13,golang.org/x/net,v0.38.0,gobinary,CVE-2026-42502,MEDIUM,https://avd.aquasec.com/nvd/cve-2026-42502,usr/local/bin/kube-scheduler,0.55.0,false,not_affected,vulnerable_code_not_present
rancher/hardened-kubernetes:v1.33.13-rke2r1-build20260612,rke2/v1.33.13,golang.org/x/net,v0.38.0,gobinary,CVE-2026-42502,MEDIUM,https://avd.aquasec.com/nvd/cve-2026-42502,usr/local/bin/kubectl,0.55.0,false,not_affected,vulnerable_code_not_present
rancher/hardened-kubernetes:v1.33.13-rke2r1-build20260612,rke2/v1.33.13,golang.org/x/net,v0.38.0,gobinary,CVE-2026-42502,MEDIUM,https://avd.aquasec.com/nvd/cve-2026-42502,usr/local/bin/kubelet,0.55.0,false,not_affected,vulnerable_code_not_present
rancher/hardened-kubernetes:v1.33.13-rke2r1-build20260612,rke2/v1.33.13,stdlib,v1.25.11,gobinary,CVE-2026-42505,MEDIUM,https://avd.aquasec.com/nvd/cve-2026-42505,usr/local/bin/kube-apiserver,"1.25.12, 1.26.5, 1.27.0-rc.2",false,not_affected,vulnerable_code_not_in_execute_path
rancher/hardened-kubernetes:v1.33.13-rke2r1-build20260612,rke2/v1.33.13,stdlib,v1.25.11,gobinary,CVE-2026-42505,MEDIUM,https://avd.aquasec.com/nvd/cve-2026-42505,usr/local/bin/kube-controller-manager,"1.25.12, 1.26.5, 1.27.0-rc.2",false,not_affected,vulnerable_code_not_in_execute_path
rancher/hardened-kubernetes:v1.33.13-rke2r1-build20260612,rke2/v1.33.13,stdlib,v1.25.11,gobinary,CVE-2026-42505,MEDIUM,https://avd.aquasec.com/nvd/cve-2026-42505,usr/local/bin/kube-proxy,"1.25.12, 1.26.5, 1.27.0-rc.2",false,not_affected,vulnerable_code_not_in_execute_path
rancher/hardened-kubernetes:v1.33.13-rke2r1-build20260612,rke2/v1.33.13,stdlib,v1.25.11,gobinary,CVE-2026-42505,MEDIUM,https://avd.aquasec.com/nvd/cve-2026-42505,usr/local/bin/kube-scheduler,"1.25.12, 1.26.5, 1.27.0-rc.2",false,not_affected,vulnerable_code_not_in_execute_path
rancher/hardened-kubernetes:v1.33.13-rke2r1-build20260612,rke2/v1.33.13,stdlib,v1.25.11,gobinary,CVE-2026-42505,MEDIUM,https://avd.aquasec.com/nvd/cve-2026-42505,usr/local/bin/kubectl,"1.25.12, 1.26.5, 1.27.0-rc.2",false,not_affected,vulnerable_code_not_in_execute_path
rancher/hardened-kubernetes:v1.33.13-rke2r1-build20260612,rke2/v1.33.13,stdlib,v1.25.11,gobinary,CVE-2026-42505,MEDIUM,https://avd.aquasec.com/nvd/cve-2026-42505,usr/local/bin/kubelet,"1.25.12, 1.26.5, 1.27.0-rc.2",false,not_affected,vulnerable_code_not_in_execute_path
rancher/hardened-kubernetes:v1.33.13-rke2r1-build20260612,rke2/v1.33.13,golang.org/x/net,v0.38.0,gobinary,CVE-2026-42506,MEDIUM,https://avd.aquasec.com/nvd/cve-2026-42506,usr/local/bin/kube-apiserver,0.55.0,false,not_affected,vulnerable_code_not_present
rancher/hardened-kubernetes:v1.33.13-rke2r1-build20260612,rke2/v1.33.13,golang.org/x/net,v0.38.0,gobinary,CVE-2026-42506,MEDIUM,https://avd.aquasec.com/nvd/cve-2026-42506,usr/local/bin/kube-controller-manager,0.55.0,false,not_affected,vulnerable_code_not_present
rancher/hardened-kubernetes:v1.33.13-rke2r1-build20260612,rke2/v1.33.13,golang.org/x/net,v0.38.0,gobinary,CVE-2026-42506,MEDIUM,https://avd.aquasec.com/nvd/cve-2026-42506,usr/local/bin/kube-proxy,0.55.0,false,not_affected,vulnerable_code_not_present
rancher/hardened-kubernetes:v1.33.13-rke2r1-build20260612,rke2/v1.33.13,golang.org/x/net,v0.38.0,gobinary,CVE-2026-42506,MEDIUM,https://avd.aquasec.com/nvd/cve-2026-42506,usr/local/bin/kube-scheduler,0.55.0,false,not_affected,vulnerable_code_not_present
rancher/hardened-kubernetes:v1.33.13-rke2r1-build20260612,rke2/v1.33.13,golang.org/x/net,v0.38.0,gobinary,CVE-2026-42506,MEDIUM,https://avd.aquasec.com/nvd/cve-2026-42506,usr/local/bin/kubectl,0.55.0,false,not_affected,vulnerable_code_not_present
rancher/hardened-kubernetes:v1.33.13-rke2r1-build20260612,rke2/v1.33.13,golang.org/x/net,v0.38.0,gobinary,CVE-2026-42506,MEDIUM,https://avd.aquasec.com/nvd/cve-2026-42506,usr/local/bin/kubelet,0.55.0,false,not_affected,vulnerable_code_not_present
rancher/hardened-kubernetes:v1.33.13-rke2r1-build20260612,rke2/v1.33.13,golang.org/x/crypto,v0.36.0,gobinary,CVE-2026-42508,HIGH,https://avd.aquasec.com/nvd/cve-2026-42508,usr/local/bin/kube-apiserver,0.52.0,false,not_affected,vulnerable_code_not_present
rancher/hardened-kubernetes:v1.33.13-rke2r1-build20260612,rke2/v1.33.13,golang.org/x/crypto,v0.36.0,gobinary,CVE-2026-42508,HIGH,https://avd.aquasec.com/nvd/cve-2026-42508,usr/local/bin/kube-controller-manager,0.52.0,false,not_affected,vulnerable_code_not_present
rancher/hardened-kubernetes:v1.33.13-rke2r1-build20260612,rke2/v1.33.13,golang.org/x/crypto,v0.36.0,gobinary,CVE-2026-42508,HIGH,https://avd.aquasec.com/nvd/cve-2026-42508,usr/local/bin/kube-proxy,0.52.0,false,not_affected,vulnerable_code_not_present
rancher/hardened-kubernetes:v1.33.13-rke2r1-build20260612,rke2/v1.33.13,golang.org/x/crypto,v0.36.0,gobinary,CVE-2026-42508,HIGH,https://avd.aquasec.com/nvd/cve-2026-42508,usr/local/bin/kube-scheduler,0.52.0,false,not_affected,vulnerable_code_not_present
rancher/hardened-kubernetes:v1.33.13-rke2r1-build20260612,rke2/v1.33.13,golang.org/x/crypto,v0.36.0,gobinary,CVE-2026-42508,HIGH,https://avd.aquasec.com/nvd/cve-2026-42508,usr/local/bin/kubelet,0.52.0,false,not_affected,vulnerable_code_not_present
rancher/hardened-kubernetes:v1.33.13-rke2r1-build20260612,rke2/v1.33.13,golang.org/x/crypto,v0.36.0,gobinary,CVE-2026-46595,HIGH,https://avd.aquasec.com/nvd/cve-2026-46595,usr/local/bin/kube-apiserver,0.52.0,false,not_affected,vulnerable_code_not_present
rancher/hardened-kubernetes:v1.33.13-rke2r1-build20260612,rke2/v1.33.13,golang.org/x/crypto,v0.36.0,gobinary,CVE-2026-46595,HIGH,https://avd.aquasec.com/nvd/cve-2026-46595,usr/local/bin/kube-controller-manager,0.52.0,false,not_affected,vulnerable_code_not_present
rancher/hardened-kubernetes:v1.33.13-rke2r1-build20260612,rke2/v1.33.13,golang.org/x/crypto,v0.36.0,gobinary,CVE-2026-46595,HIGH,https://avd.aquasec.com/nvd/cve-2026-46595,usr/local/bin/kube-proxy,0.52.0,false,not_affected,vulnerable_code_not_present
rancher/hardened-kubernetes:v1.33.13-rke2r1-build20260612,rke2/v1.33.13,golang.org/x/crypto,v0.36.0,gobinary,CVE-2026-46595,HIGH,https://avd.aquasec.com/nvd/cve-2026-46595,usr/local/bin/kube-scheduler,0.52.0,false,not_affected,vulnerable_code_not_present
rancher/hardened-kubernetes:v1.33.13-rke2r1-build20260612,rke2/v1.33.13,golang.org/x/crypto,v0.36.0,gobinary,CVE-2026-46595,HIGH,https://avd.aquasec.com/nvd/cve-2026-46595,usr/local/bin/kubelet,0.52.0,false,not_affected,vulnerable_code_not_present
rancher/hardened-kubernetes:v1.33.13-rke2r1-build20260612,rke2/v1.33.13,golang.org/x/crypto,v0.36.0,gobinary,CVE-2026-46597,HIGH,https://avd.aquasec.com/nvd/cve-2026-46597,usr/local/bin/kube-apiserver,0.52.0,false,not_affected,vulnerable_code_not_present
rancher/hardened-kubernetes:v1.33.13-rke2r1-build20260612,rke2/v1.33.13,golang.org/x/crypto,v0.36.0,gobinary,CVE-2026-46597,HIGH,https://avd.aquasec.com/nvd/cve-2026-46597,usr/local/bin/kube-controller-manager,0.52.0,false,not_affected,vulnerable_code_not_present
rancher/hardened-kubernetes:v1.33.13-rke2r1-build20260612,rke2/v1.33.13,golang.org/x/crypto,v0.36.0,gobinary,CVE-2026-46597,HIGH,https://avd.aquasec.com/nvd/cve-2026-46597,usr/local/bin/kube-proxy,0.52.0,false,not_affected,vulnerable_code_not_present
rancher/hardened-kubernetes:v1.33.13-rke2r1-build20260612,rke2/v1.33.13,golang.org/x/crypto,v0.36.0,gobinary,CVE-2026-46597,HIGH,https://avd.aquasec.com/nvd/cve-2026-46597,usr/local/bin/kube-scheduler,0.52.0,false,not_affected,vulnerable_code_not_present
rancher/hardened-kubernetes:v1.33.13-rke2r1-build20260612,rke2/v1.33.13,golang.org/x/crypto,v0.36.0,gobinary,CVE-2026-46597,HIGH,https://avd.aquasec.com/nvd/cve-2026-46597,usr/local/bin/kubelet,0.52.0,false,not_affected,vulnerable_code_not_present
rancher/hardened-kubernetes:v1.33.13-rke2r1-build20260612,rke2/v1.33.13,golang.org/x/crypto,v0.36.0,gobinary,CVE-2026-46598,MEDIUM,https://avd.aquasec.com/nvd/cve-2026-46598,usr/local/bin/kube-apiserver,0.52.0,false,not_affected,vulnerable_code_not_present
rancher/hardened-kubernetes:v1.33.13-rke2r1-build20260612,rke2/v1.33.13,golang.org/x/crypto,v0.36.0,gobinary,CVE-2026-46598,MEDIUM,https://avd.aquasec.com/nvd/cve-2026-46598,usr/local/bin/kube-controller-manager,0.52.0,false,not_affected,vulnerable_code_not_present
rancher/hardened-kubernetes:v1.33.13-rke2r1-build20260612,rke2/v1.33.13,golang.org/x/crypto,v0.36.0,gobinary,CVE-2026-46598,MEDIUM,https://avd.aquasec.com/nvd/cve-2026-46598,usr/local/bin/kube-proxy,0.52.0,false,not_affected,vulnerable_code_not_present
rancher/hardened-kubernetes:v1.33.13-rke2r1-build20260612,rke2/v1.33.13,golang.org/x/crypto,v0.36.0,gobinary,CVE-2026-46598,MEDIUM,https://avd.aquasec.com/nvd/cve-2026-46598,usr/local/bin/kube-scheduler,0.52.0,false,not_affected,vulnerable_code_not_present
rancher/hardened-kubernetes:v1.33.13-rke2r1-build20260612,rke2/v1.33.13,golang.org/x/crypto,v0.36.0,gobinary,CVE-2026-46598,MEDIUM,https://avd.aquasec.com/nvd/cve-2026-46598,usr/local/bin/kubelet,0.52.0,false,not_affected,vulnerable_code_not_present
rancher/hardened-kubernetes:v1.33.13-rke2r1-build20260612,rke2/v1.33.13,golang.org/x/text,v0.23.0,gobinary,CVE-2026-56852,HIGH,https://avd.aquasec.com/nvd/cve-2026-56852,usr/local/bin/kube-apiserver,0.39.0,false,not_affected,vulnerable_code_not_in_execute_path
rancher/hardened-kubernetes:v1.33.13-rke2r1-build20260612,rke2/v1.33.13,golang.org/x/text,v0.23.0,gobinary,CVE-2026-56852,HIGH,https://avd.aquasec.com/nvd/cve-2026-56852,usr/local/bin/kube-controller-manager,0.39.0,false,not_affected,vulnerable_code_not_in_execute_path
rancher/hardened-kubernetes:v1.33.13-rke2r1-build20260612,rke2/v1.33.13,golang.org/x/text,v0.23.0,gobinary,CVE-2026-56852,HIGH,https://avd.aquasec.com/nvd/cve-2026-56852,usr/local/bin/kube-proxy,0.39.0,false,not_affected,vulnerable_code_not_in_execute_path
rancher/hardened-kubernetes:v1.33.13-rke2r1-build20260612,rke2/v1.33.13,golang.org/x/text,v0.23.0,gobinary,CVE-2026-56852,HIGH,https://avd.aquasec.com/nvd/cve-2026-56852,usr/local/bin/kube-scheduler,0.39.0,false,not_affected,vulnerable_code_not_in_execute_path
rancher/hardened-kubernetes:v1.33.13-rke2r1-build20260612,rke2/v1.33.13,golang.org/x/text,v0.23.0,gobinary,CVE-2026-56852,HIGH,https://avd.aquasec.com/nvd/cve-2026-56852,usr/local/bin/kubectl,0.39.0,false,not_affected,vulnerable_code_not_in_execute_path
rancher/hardened-kubernetes:v1.33.13-rke2r1-build20260612,rke2/v1.33.13,golang.org/x/text,v0.23.0,gobinary,CVE-2026-56852,HIGH,https://avd.aquasec.com/nvd/cve-2026-56852,usr/local/bin/kubelet,0.39.0,false,not_affected,vulnerable_code_not_in_execute_path
rancher/hardened-kubernetes:v1.33.13-rke2r1-build20260612,rke2/v1.33.13,google.golang.org/grpc,v1.68.1,gobinary,GHSA-hrxh-6v49-42gf,HIGH,https://github.com/advisories/GHSA-hrxh-6v49-42gf,usr/local/bin/kube-apiserver,1.82.1,false,affected,
rancher/hardened-kubernetes:v1.33.13-rke2r1-build20260612,rke2/v1.33.13,google.golang.org/grpc,v1.68.1,gobinary,GHSA-hrxh-6v49-42gf,HIGH,https://github.com/advisories/GHSA-hrxh-6v49-42gf,usr/local/bin/kube-controller-manager,1.82.1,false,affected,
rancher/hardened-kubernetes:v1.33.13-rke2r1-build20260612,rke2/v1.33.13,google.golang.org/grpc,v1.68.1,gobinary,GHSA-hrxh-6v49-42gf,HIGH,https://github.com/advisories/GHSA-hrxh-6v49-42gf,usr/local/bin/kube-proxy,1.82.1,false,affected,
rancher/hardened-kubernetes:v1.33.13-rke2r1-build20260612,rke2/v1.33.13,google.golang.org/grpc,v1.68.1,gobinary,GHSA-hrxh-6v49-42gf,HIGH,https://github.com/advisories/GHSA-hrxh-6v49-42gf,usr/local/bin/kube-scheduler,1.82.1,false,affected,
rancher/hardened-kubernetes:v1.33.13-rke2r1-build20260612,rke2/v1.33.13,google.golang.org/grpc,v1.68.1,gobinary,GHSA-hrxh-6v49-42gf,HIGH,https://github.com/advisories/GHSA-hrxh-6v49-42gf,usr/local/bin/kubelet,1.82.1,false,affected,
rancher/hardened-snapshot-controller:v8.6.0-build20260608,rke2/v1.33.13,golang.org/x/net,v0.54.0,gobinary,CVE-2026-25680,MEDIUM,https://avd.aquasec.com/nvd/cve-2026-25680,snapshot-controller,0.55.0,false,not_affected,vulnerable_code_not_present
rancher/hardened-snapshot-controller:v8.6.0-build20260608,rke2/v1.33.13,golang.org/x/net,v0.54.0,gobinary,CVE-2026-25681,HIGH,https://avd.aquasec.com/nvd/cve-2026-25681,snapshot-controller,0.55.0,false,not_affected,vulnerable_code_not_present
rancher/hardened-snapshot-controller:v8.6.0-build20260608,rke2/v1.33.13,golang.org/x/net,v0.54.0,gobinary,CVE-2026-27136,HIGH,https://avd.aquasec.com/nvd/cve-2026-27136,snapshot-controller,0.55.0,false,not_affected,vulnerable_code_not_present
rancher/hardened-snapshot-controller:v8.6.0-build20260608,rke2/v1.33.13,golang.org/x/net,v0.54.0,gobinary,CVE-2026-39821,HIGH,https://avd.aquasec.com/nvd/cve-2026-39821,snapshot-controller,0.55.0,false,affected,
rancher/hardened-snapshot-controller:v8.6.0-build20260608,rke2/v1.33.13,stdlib,v1.26.4,gobinary,CVE-2026-39822,HIGH,https://avd.aquasec.com/nvd/cve-2026-39822,snapshot-controller,"1.25.12, 1.26.5, 1.27.0-rc.2",false,not_affected,vulnerable_code_not_in_execute_path
rancher/hardened-snapshot-controller:v8.6.0-build20260608,rke2/v1.33.13,golang.org/x/net,v0.54.0,gobinary,CVE-2026-42502,MEDIUM,https://avd.aquasec.com/nvd/cve-2026-42502,snapshot-controller,0.55.0,false,not_affected,vulnerable_code_not_present
rancher/hardened-snapshot-controller:v8.6.0-build20260608,rke2/v1.33.13,stdlib,v1.26.4,gobinary,CVE-2026-42505,MEDIUM,https://avd.aquasec.com/nvd/cve-2026-42505,snapshot-controller,"1.25.12, 1.26.5, 1.27.0-rc.2",false,not_affected,vulnerable_code_not_in_execute_path
rancher/hardened-snapshot-controller:v8.6.0-build20260608,rke2/v1.33.13,golang.org/x/net,v0.54.0,gobinary,CVE-2026-42506,MEDIUM,https://avd.aquasec.com/nvd/cve-2026-42506,snapshot-controller,0.55.0,false,not_affected,vulnerable_code_not_present
rancher/hardened-snapshot-controller:v8.6.0-build20260608,rke2/v1.33.13,google.golang.org/grpc,v1.79.3,gobinary,GHSA-hrxh-6v49-42gf,HIGH,https://github.com/advisories/GHSA-hrxh-6v49-42gf,snapshot-controller,1.82.1,false,affected,
rancher/klipper-helm:v0.11.1-build20260615,rke2/v1.33.13,golang.org/x/net,v0.49.0,gobinary,CVE-2026-25680,MEDIUM,https://avd.aquasec.com/nvd/cve-2026-25680,home/klipper-helm/.local/share/helm/plugins/helm-mapkubeapis/bin/mapkubeapis,0.55.0,false,not_affected,vulnerable_code_not_present
rancher/klipper-helm:v0.11.1-build20260615,rke2/v1.33.13,golang.org/x/net,v0.49.0,gobinary,CVE-2026-25680,MEDIUM,https://avd.aquasec.com/nvd/cve-2026-25680,home/klipper-helm/.local/share/helm/plugins/helm-set-status/helm-set-status,0.55.0,false,not_affected,vulnerable_code_not_present
rancher/klipper-helm:v0.11.1-build20260615,rke2/v1.33.13,golang.org/x/net,v0.49.0,gobinary,CVE-2026-25680,MEDIUM,https://avd.aquasec.com/nvd/cve-2026-25680,usr/bin/helm,0.55.0,false,not_affected,vulnerable_code_not_present
rancher/klipper-helm:v0.11.1-build20260615,rke2/v1.33.13,golang.org/x/net,v0.49.0,gobinary,CVE-2026-25681,HIGH,https://avd.aquasec.com/nvd/cve-2026-25681,home/klipper-helm/.local/share/helm/plugins/helm-mapkubeapis/bin/mapkubeapis,0.55.0,false,not_affected,vulnerable_code_not_present
rancher/klipper-helm:v0.11.1-build20260615,rke2/v1.33.13,golang.org/x/net,v0.49.0,gobinary,CVE-2026-25681,HIGH,https://avd.aquasec.com/nvd/cve-2026-25681,home/klipper-helm/.local/share/helm/plugins/helm-set-status/helm-set-status,0.55.0,false,not_affected,vulnerable_code_not_present
rancher/klipper-helm:v0.11.1-build20260615,rke2/v1.33.13,golang.org/x/net,v0.49.0,gobinary,CVE-2026-25681,HIGH,https://avd.aquasec.com/nvd/cve-2026-25681,usr/bin/helm,0.55.0,false,not_affected,vulnerable_code_not_present
rancher/klipper-helm:v0.11.1-build20260615,rke2/v1.33.13,golang.org/x/net,v0.49.0,gobinary,CVE-2026-27136,HIGH,https://avd.aquasec.com/nvd/cve-2026-27136,home/klipper-helm/.local/share/helm/plugins/helm-mapkubeapis/bin/mapkubeapis,0.55.0,false,not_affected,vulnerable_code_not_present
rancher/klipper-helm:v0.11.1-build20260615,rke2/v1.33.13,golang.org/x/net,v0.49.0,gobinary,CVE-2026-27136,HIGH,https://avd.aquasec.com/nvd/cve-2026-27136,home/klipper-helm/.local/share/helm/plugins/helm-set-status/helm-set-status,0.55.0,false,not_affected,vulnerable_code_not_present
rancher/klipper-helm:v0.11.1-build20260615,rke2/v1.33.13,golang.org/x/net,v0.49.0,gobinary,CVE-2026-27136,HIGH,https://avd.aquasec.com/nvd/cve-2026-27136,usr/bin/helm,0.55.0,false,not_affected,vulnerable_code_not_present
rancher/klipper-helm:v0.11.1-build20260615,rke2/v1.33.13,golang.org/x/net,v0.49.0,gobinary,CVE-2026-33814,HIGH,https://avd.aquasec.com/nvd/cve-2026-33814,home/klipper-helm/.local/share/helm/plugins/helm-mapkubeapis/bin/mapkubeapis,0.53.0,false,affected,
rancher/klipper-helm:v0.11.1-build20260615,rke2/v1.33.13,golang.org/x/net,v0.49.0,gobinary,CVE-2026-33814,HIGH,https://avd.aquasec.com/nvd/cve-2026-33814,home/klipper-helm/.local/share/helm/plugins/helm-set-status/helm-set-status,0.53.0,false,affected,
rancher/klipper-helm:v0.11.1-build20260615,rke2/v1.33.13,golang.org/x/net,v0.49.0,gobinary,CVE-2026-33814,HIGH,https://avd.aquasec.com/nvd/cve-2026-33814,usr/bin/helm,0.53.0,false,affected,
rancher/klipper-helm:v0.11.1-build20260615,rke2/v1.33.13,golang.org/x/net,v0.49.0,gobinary,CVE-2026-39821,HIGH,https://avd.aquasec.com/nvd/cve-2026-39821,home/klipper-helm/.local/share/helm/plugins/helm-mapkubeapis/bin/mapkubeapis,0.55.0,false,affected,
rancher/klipper-helm:v0.11.1-build20260615,rke2/v1.33.13,golang.org/x/net,v0.49.0,gobinary,CVE-2026-39821,HIGH,https://avd.aquasec.com/nvd/cve-2026-39821,home/klipper-helm/.local/share/helm/plugins/helm-set-status/helm-set-status,0.55.0,false,affected,
rancher/klipper-helm:v0.11.1-build20260615,rke2/v1.33.13,golang.org/x/net,v0.49.0,gobinary,CVE-2026-39821,HIGH,https://avd.aquasec.com/nvd/cve-2026-39821,usr/bin/helm,0.55.0,false,affected,
rancher/klipper-helm:v0.11.1-build20260615,rke2/v1.33.13,stdlib,v1.25.11,gobinary,CVE-2026-39822,HIGH,https://avd.aquasec.com/nvd/cve-2026-39822,home/klipper-helm/.local/share/helm/plugins/helm-mapkubeapis/bin/mapkubeapis,"1.25.12, 1.26.5, 1.27.0-rc.2",false,not_affected,vulnerable_code_not_in_execute_path
rancher/klipper-helm:v0.11.1-build20260615,rke2/v1.33.13,stdlib,v1.25.11,gobinary,CVE-2026-39822,HIGH,https://avd.aquasec.com/nvd/cve-2026-39822,home/klipper-helm/.local/share/helm/plugins/helm-set-status/helm-set-status,"1.25.12, 1.26.5, 1.27.0-rc.2",false,not_affected,vulnerable_code_not_in_execute_path
rancher/klipper-helm:v0.11.1-build20260615,rke2/v1.33.13,stdlib,v1.25.11,gobinary,CVE-2026-39822,HIGH,https://avd.aquasec.com/nvd/cve-2026-39822,usr/bin/helm,"1.25.12, 1.26.5, 1.27.0-rc.2",false,not_affected,vulnerable_code_not_in_execute_path
rancher/klipper-helm:v0.11.1-build20260615,rke2/v1.33.13,golang.org/x/crypto,v0.47.0,gobinary,CVE-2026-39827,MEDIUM,https://avd.aquasec.com/nvd/cve-2026-39827,home/klipper-helm/.local/share/helm/plugins/helm-mapkubeapis/bin/mapkubeapis,0.52.0,false,not_affected,vulnerable_code_not_present
rancher/klipper-helm:v0.11.1-build20260615,rke2/v1.33.13,golang.org/x/crypto,v0.47.0,gobinary,CVE-2026-39827,MEDIUM,https://avd.aquasec.com/nvd/cve-2026-39827,home/klipper-helm/.local/share/helm/plugins/helm-set-status/helm-set-status,0.52.0,false,not_affected,vulnerable_code_not_present
rancher/klipper-helm:v0.11.1-build20260615,rke2/v1.33.13,golang.org/x/crypto,v0.47.0,gobinary,CVE-2026-39827,MEDIUM,https://avd.aquasec.com/nvd/cve-2026-39827,usr/bin/helm,0.52.0,false,not_affected,vulnerable_code_not_present
rancher/klipper-helm:v0.11.1-build20260615,rke2/v1.33.13,golang.org/x/crypto,v0.47.0,gobinary,CVE-2026-39828,HIGH,https://avd.aquasec.com/nvd/cve-2026-39828,home/klipper-helm/.local/share/helm/plugins/helm-mapkubeapis/bin/mapkubeapis,0.52.0,false,not_affected,vulnerable_code_not_present
rancher/klipper-helm:v0.11.1-build20260615,rke2/v1.33.13,golang.org/x/crypto,v0.47.0,gobinary,CVE-2026-39828,HIGH,https://avd.aquasec.com/nvd/cve-2026-39828,home/klipper-helm/.local/share/helm/plugins/helm-set-status/helm-set-status,0.52.0,false,not_affected,vulnerable_code_not_present
rancher/klipper-helm:v0.11.1-build20260615,rke2/v1.33.13,golang.org/x/crypto,v0.47.0,gobinary,CVE-2026-39828,HIGH,https://avd.aquasec.com/nvd/cve-2026-39828,usr/bin/helm,0.52.0,false,not_affected,vulnerable_code_not_present
rancher/klipper-helm:v0.11.1-build20260615,rke2/v1.33.13,golang.org/x/crypto,v0.47.0,gobinary,CVE-2026-39829,HIGH,https://avd.aquasec.com/nvd/cve-2026-39829,home/klipper-helm/.local/share/helm/plugins/helm-mapkubeapis/bin/mapkubeapis,0.52.0,false,not_affected,vulnerable_code_not_present
rancher/klipper-helm:v0.11.1-build20260615,rke2/v1.33.13,golang.org/x/crypto,v0.47.0,gobinary,CVE-2026-39829,HIGH,https://avd.aquasec.com/nvd/cve-2026-39829,home/klipper-helm/.local/share/helm/plugins/helm-set-status/helm-set-status,0.52.0,false,not_affected,vulnerable_code_not_present
rancher/klipper-helm:v0.11.1-build20260615,rke2/v1.33.13,golang.org/x/crypto,v0.47.0,gobinary,CVE-2026-39829,HIGH,https://avd.aquasec.com/nvd/cve-2026-39829,usr/bin/helm,0.52.0,false,not_affected,vulnerable_code_not_present
rancher/klipper-helm:v0.11.1-build20260615,rke2/v1.33.13,golang.org/x/crypto,v0.47.0,gobinary,CVE-2026-39830,HIGH,https://avd.aquasec.com/nvd/cve-2026-39830,home/klipper-helm/.local/share/helm/plugins/helm-mapkubeapis/bin/mapkubeapis,0.52.0,false,not_affected,vulnerable_code_not_present
rancher/klipper-helm:v0.11.1-build20260615,rke2/v1.33.13,golang.org/x/crypto,v0.47.0,gobinary,CVE-2026-39830,HIGH,https://avd.aquasec.com/nvd/cve-2026-39830,home/klipper-helm/.local/share/helm/plugins/helm-set-status/helm-set-status,0.52.0,false,not_affected,vulnerable_code_not_present
rancher/klipper-helm:v0.11.1-build20260615,rke2/v1.33.13,golang.org/x/crypto,v0.47.0,gobinary,CVE-2026-39830,HIGH,https://avd.aquasec.com/nvd/cve-2026-39830,usr/bin/helm,0.52.0,false,not_affected,vulnerable_code_not_present
rancher/klipper-helm:v0.11.1-build20260615,rke2/v1.33.13,golang.org/x/crypto,v0.47.0,gobinary,CVE-2026-39831,HIGH,https://avd.aquasec.com/nvd/cve-2026-39831,home/klipper-helm/.local/share/helm/plugins/helm-mapkubeapis/bin/mapkubeapis,0.52.0,false,not_affected,vulnerable_code_not_present
rancher/klipper-helm:v0.11.1-build20260615,rke2/v1.33.13,golang.org/x/crypto,v0.47.0,gobinary,CVE-2026-39831,HIGH,https://avd.aquasec.com/nvd/cve-2026-39831,home/klipper-helm/.local/share/helm/plugins/helm-set-status/helm-set-status,0.52.0,false,not_affected,vulnerable_code_not_present
rancher/klipper-helm:v0.11.1-build20260615,rke2/v1.33.13,golang.org/x/crypto,v0.47.0,gobinary,CVE-2026-39831,HIGH,https://avd.aquasec.com/nvd/cve-2026-39831,usr/bin/helm,0.52.0,false,not_affected,vulnerable_code_not_present
rancher/klipper-helm:v0.11.1-build20260615,rke2/v1.33.13,golang.org/x/crypto,v0.47.0,gobinary,CVE-2026-39832,HIGH,https://avd.aquasec.com/nvd/cve-2026-39832,home/klipper-helm/.local/share/helm/plugins/helm-mapkubeapis/bin/mapkubeapis,0.52.0,false,not_affected,vulnerable_code_not_present
rancher/klipper-helm:v0.11.1-build20260615,rke2/v1.33.13,golang.org/x/crypto,v0.47.0,gobinary,CVE-2026-39832,HIGH,https://avd.aquasec.com/nvd/cve-2026-39832,home/klipper-helm/.local/share/helm/plugins/helm-set-status/helm-set-status,0.52.0,false,not_affected,vulnerable_code_not_present
rancher/klipper-helm:v0.11.1-build20260615,rke2/v1.33.13,golang.org/x/crypto,v0.47.0,gobinary,CVE-2026-39832,HIGH,https://avd.aquasec.com/nvd/cve-2026-39832,usr/bin/helm,0.52.0,false,not_affected,vulnerable_code_not_present
rancher/klipper-helm:v0.11.1-build20260615,rke2/v1.33.13,golang.org/x/crypto,v0.47.0,gobinary,CVE-2026-39833,MEDIUM,https://avd.aquasec.com/nvd/cve-2026-39833,home/klipper-helm/.local/share/helm/plugins/helm-mapkubeapis/bin/mapkubeapis,0.52.0,false,not_affected,vulnerable_code_not_present
rancher/klipper-helm:v0.11.1-build20260615,rke2/v1.33.13,golang.org/x/crypto,v0.47.0,gobinary,CVE-2026-39833,MEDIUM,https://avd.aquasec.com/nvd/cve-2026-39833,home/klipper-helm/.local/share/helm/plugins/helm-set-status/helm-set-status,0.52.0,false,not_affected,vulnerable_code_not_present
rancher/klipper-helm:v0.11.1-build20260615,rke2/v1.33.13,golang.org/x/crypto,v0.47.0,gobinary,CVE-2026-39833,MEDIUM,https://avd.aquasec.com/nvd/cve-2026-39833,usr/bin/helm,0.52.0,false,not_affected,vulnerable_code_not_present
rancher/klipper-helm:v0.11.1-build20260615,rke2/v1.33.13,golang.org/x/crypto,v0.47.0,gobinary,CVE-2026-39834,MEDIUM,https://avd.aquasec.com/nvd/cve-2026-39834,home/klipper-helm/.local/share/helm/plugins/helm-mapkubeapis/bin/mapkubeapis,0.52.0,false,not_affected,vulnerable_code_not_present
rancher/klipper-helm:v0.11.1-build20260615,rke2/v1.33.13,golang.org/x/crypto,v0.47.0,gobinary,CVE-2026-39834,MEDIUM,https://avd.aquasec.com/nvd/cve-2026-39834,home/klipper-helm/.local/share/helm/plugins/helm-set-status/helm-set-status,0.52.0,false,not_affected,vulnerable_code_not_present
rancher/klipper-helm:v0.11.1-build20260615,rke2/v1.33.13,golang.org/x/crypto,v0.47.0,gobinary,CVE-2026-39834,MEDIUM,https://avd.aquasec.com/nvd/cve-2026-39834,usr/bin/helm,0.52.0,false,not_affected,vulnerable_code_not_present
rancher/klipper-helm:v0.11.1-build20260615,rke2/v1.33.13,golang.org/x/crypto,v0.47.0,gobinary,CVE-2026-39835,HIGH,https://avd.aquasec.com/nvd/cve-2026-39835,home/klipper-helm/.local/share/helm/plugins/helm-mapkubeapis/bin/mapkubeapis,0.52.0,false,not_affected,vulnerable_code_not_present
rancher/klipper-helm:v0.11.1-build20260615,rke2/v1.33.13,golang.org/x/crypto,v0.47.0,gobinary,CVE-2026-39835,HIGH,https://avd.aquasec.com/nvd/cve-2026-39835,home/klipper-helm/.local/share/helm/plugins/helm-set-status/helm-set-status,0.52.0,false,not_affected,vulnerable_code_not_present
rancher/klipper-helm:v0.11.1-build20260615,rke2/v1.33.13,golang.org/x/crypto,v0.47.0,gobinary,CVE-2026-39835,HIGH,https://avd.aquasec.com/nvd/cve-2026-39835,usr/bin/helm,0.52.0,false,not_affected,vulnerable_code_not_present
rancher/klipper-helm:v0.11.1-build20260615,rke2/v1.33.13,golang.org/x/net,v0.49.0,gobinary,CVE-2026-42502,MEDIUM,https://avd.aquasec.com/nvd/cve-2026-42502,home/klipper-helm/.local/share/helm/plugins/helm-mapkubeapis/bin/mapkubeapis,0.55.0,false,not_affected,vulnerable_code_not_present
rancher/klipper-helm:v0.11.1-build20260615,rke2/v1.33.13,golang.org/x/net,v0.49.0,gobinary,CVE-2026-42502,MEDIUM,https://avd.aquasec.com/nvd/cve-2026-42502,home/klipper-helm/.local/share/helm/plugins/helm-set-status/helm-set-status,0.55.0,false,not_affected,vulnerable_code_not_present
rancher/klipper-helm:v0.11.1-build20260615,rke2/v1.33.13,golang.org/x/net,v0.49.0,gobinary,CVE-2026-42502,MEDIUM,https://avd.aquasec.com/nvd/cve-2026-42502,usr/bin/helm,0.55.0,false,not_affected,vulnerable_code_not_present
rancher/klipper-helm:v0.11.1-build20260615,rke2/v1.33.13,stdlib,v1.25.11,gobinary,CVE-2026-42505,MEDIUM,https://avd.aquasec.com/nvd/cve-2026-42505,home/klipper-helm/.local/share/helm/plugins/helm-mapkubeapis/bin/mapkubeapis,"1.25.12, 1.26.5, 1.27.0-rc.2",false,not_affected,vulnerable_code_not_in_execute_path
rancher/klipper-helm:v0.11.1-build20260615,rke2/v1.33.13,stdlib,v1.25.11,gobinary,CVE-2026-42505,MEDIUM,https://avd.aquasec.com/nvd/cve-2026-42505,home/klipper-helm/.local/share/helm/plugins/helm-set-status/helm-set-status,"1.25.12, 1.26.5, 1.27.0-rc.2",false,not_affected,vulnerable_code_not_in_execute_path
rancher/klipper-helm:v0.11.1-build20260615,rke2/v1.33.13,stdlib,v1.25.11,gobinary,CVE-2026-42505,MEDIUM,https://avd.aquasec.com/nvd/cve-2026-42505,usr/bin/helm,"1.25.12, 1.26.5, 1.27.0-rc.2",false,not_affected,vulnerable_code_not_in_execute_path
rancher/klipper-helm:v0.11.1-build20260615,rke2/v1.33.13,golang.org/x/net,v0.49.0,gobinary,CVE-2026-42506,MEDIUM,https://avd.aquasec.com/nvd/cve-2026-42506,home/klipper-helm/.local/share/helm/plugins/helm-mapkubeapis/bin/mapkubeapis,0.55.0,false,not_affected,vulnerable_code_not_present
rancher/klipper-helm:v0.11.1-build20260615,rke2/v1.33.13,golang.org/x/net,v0.49.0,gobinary,CVE-2026-42506,MEDIUM,https://avd.aquasec.com/nvd/cve-2026-42506,home/klipper-helm/.local/share/helm/plugins/helm-set-status/helm-set-status,0.55.0,false,not_affected,vulnerable_code_not_present
rancher/klipper-helm:v0.11.1-build20260615,rke2/v1.33.13,golang.org/x/net,v0.49.0,gobinary,CVE-2026-42506,MEDIUM,https://avd.aquasec.com/nvd/cve-2026-42506,usr/bin/helm,0.55.0,false,not_affected,vulnerable_code_not_present
rancher/klipper-helm:v0.11.1-build20260615,rke2/v1.33.13,golang.org/x/crypto,v0.47.0,gobinary,CVE-2026-42508,HIGH,https://avd.aquasec.com/nvd/cve-2026-42508,home/klipper-helm/.local/share/helm/plugins/helm-mapkubeapis/bin/mapkubeapis,0.52.0,false,not_affected,vulnerable_code_not_present
rancher/klipper-helm:v0.11.1-build20260615,rke2/v1.33.13,golang.org/x/crypto,v0.47.0,gobinary,CVE-2026-42508,HIGH,https://avd.aquasec.com/nvd/cve-2026-42508,home/klipper-helm/.local/share/helm/plugins/helm-set-status/helm-set-status,0.52.0,false,not_affected,vulnerable_code_not_present
rancher/klipper-helm:v0.11.1-build20260615,rke2/v1.33.13,golang.org/x/crypto,v0.47.0,gobinary,CVE-2026-42508,HIGH,https://avd.aquasec.com/nvd/cve-2026-42508,usr/bin/helm,0.52.0,false,not_affected,vulnerable_code_not_present
rancher/klipper-helm:v0.11.1-build20260615,rke2/v1.33.13,golang.org/x/crypto,v0.47.0,gobinary,CVE-2026-46595,HIGH,https://avd.aquasec.com/nvd/cve-2026-46595,home/klipper-helm/.local/share/helm/plugins/helm-mapkubeapis/bin/mapkubeapis,0.52.0,false,not_affected,vulnerable_code_not_present
rancher/klipper-helm:v0.11.1-build20260615,rke2/v1.33.13,golang.org/x/crypto,v0.47.0,gobinary,CVE-2026-46595,HIGH,https://avd.aquasec.com/nvd/cve-2026-46595,home/klipper-helm/.local/share/helm/plugins/helm-set-status/helm-set-status,0.52.0,false,not_affected,vulnerable_code_not_present
rancher/klipper-helm:v0.11.1-build20260615,rke2/v1.33.13,golang.org/x/crypto,v0.47.0,gobinary,CVE-2026-46595,HIGH,https://avd.aquasec.com/nvd/cve-2026-46595,usr/bin/helm,0.52.0,false,not_affected,vulnerable_code_not_present
rancher/klipper-helm:v0.11.1-build20260615,rke2/v1.33.13,golang.org/x/crypto,v0.47.0,gobinary,CVE-2026-46597,HIGH,https://avd.aquasec.com/nvd/cve-2026-46597,home/klipper-helm/.local/share/helm/plugins/helm-mapkubeapis/bin/mapkubeapis,0.52.0,false,not_affected,vulnerable_code_not_present
rancher/klipper-helm:v0.11.1-build20260615,rke2/v1.33.13,golang.org/x/crypto,v0.47.0,gobinary,CVE-2026-46597,HIGH,https://avd.aquasec.com/nvd/cve-2026-46597,home/klipper-helm/.local/share/helm/plugins/helm-set-status/helm-set-status,0.52.0,false,not_affected,vulnerable_code_not_present
rancher/klipper-helm:v0.11.1-build20260615,rke2/v1.33.13,golang.org/x/crypto,v0.47.0,gobinary,CVE-2026-46597,HIGH,https://avd.aquasec.com/nvd/cve-2026-46597,usr/bin/helm,0.52.0,false,not_affected,vulnerable_code_not_present
rancher/klipper-helm:v0.11.1-build20260615,rke2/v1.33.13,golang.org/x/crypto,v0.47.0,gobinary,CVE-2026-46598,MEDIUM,https://avd.aquasec.com/nvd/cve-2026-46598,home/klipper-helm/.local/share/helm/plugins/helm-mapkubeapis/bin/mapkubeapis,0.52.0,false,not_affected,vulnerable_code_not_present
rancher/klipper-helm:v0.11.1-build20260615,rke2/v1.33.13,golang.org/x/crypto,v0.47.0,gobinary,CVE-2026-46598,MEDIUM,https://avd.aquasec.com/nvd/cve-2026-46598,home/klipper-helm/.local/share/helm/plugins/helm-set-status/helm-set-status,0.52.0,false,not_affected,vulnerable_code_not_present
rancher/klipper-helm:v0.11.1-build20260615,rke2/v1.33.13,golang.org/x/crypto,v0.47.0,gobinary,CVE-2026-46598,MEDIUM,https://avd.aquasec.com/nvd/cve-2026-46598,usr/bin/helm,0.52.0,false,not_affected,vulnerable_code_not_present
rancher/klipper-helm:v0.11.1-build20260615,rke2/v1.33.13,oras.land/oras-go/v2,v2.6.0,gobinary,CVE-2026-50151,HIGH,https://avd.aquasec.com/nvd/cve-2026-50151,home/klipper-helm/.local/share/helm/plugins/helm-mapkubeapis/bin/mapkubeapis,2.6.1,false,not_affected,vulnerable_code_not_in_execute_path
rancher/klipper-helm:v0.11.1-build20260615,rke2/v1.33.13,oras.land/oras-go/v2,v2.6.0,gobinary,CVE-2026-50151,HIGH,https://avd.aquasec.com/nvd/cve-2026-50151,home/klipper-helm/.local/share/helm/plugins/helm-set-status/helm-set-status,2.6.1,false,not_affected,vulnerable_code_not_in_execute_path
rancher/klipper-helm:v0.11.1-build20260615,rke2/v1.33.13,oras.land/oras-go/v2,v2.6.0,gobinary,CVE-2026-50151,HIGH,https://avd.aquasec.com/nvd/cve-2026-50151,usr/bin/helm,2.6.1,false,not_affected,vulnerable_code_not_in_execute_path
rancher/klipper-helm:v0.11.1-build20260615,rke2/v1.33.13,oras.land/oras-go/v2,v2.6.0,gobinary,CVE-2026-50162,MEDIUM,https://avd.aquasec.com/nvd/cve-2026-50162,home/klipper-helm/.local/share/helm/plugins/helm-mapkubeapis/bin/mapkubeapis,2.6.1,false,not_affected,vulnerable_code_not_present
rancher/klipper-helm:v0.11.1-build20260615,rke2/v1.33.13,oras.land/oras-go/v2,v2.6.0,gobinary,CVE-2026-50162,MEDIUM,https://avd.aquasec.com/nvd/cve-2026-50162,home/klipper-helm/.local/share/helm/plugins/helm-set-status/helm-set-status,2.6.1,false,not_affected,vulnerable_code_not_present
rancher/klipper-helm:v0.11.1-build20260615,rke2/v1.33.13,oras.land/oras-go/v2,v2.6.0,gobinary,CVE-2026-50162,MEDIUM,https://avd.aquasec.com/nvd/cve-2026-50162,usr/bin/helm,2.6.1,false,not_affected,vulnerable_code_not_present
rancher/klipper-helm:v0.11.1-build20260615,rke2/v1.33.13,oras.land/oras-go/v2,v2.6.0,gobinary,CVE-2026-50163,HIGH,https://avd.aquasec.com/nvd/cve-2026-50163,home/klipper-helm/.local/share/helm/plugins/helm-mapkubeapis/bin/mapkubeapis,2.6.2,false,not_affected,vulnerable_code_not_present
rancher/klipper-helm:v0.11.1-build20260615,rke2/v1.33.13,oras.land/oras-go/v2,v2.6.0,gobinary,CVE-2026-50163,HIGH,https://avd.aquasec.com/nvd/cve-2026-50163,home/klipper-helm/.local/share/helm/plugins/helm-set-status/helm-set-status,2.6.2,false,not_affected,vulnerable_code_not_present
rancher/klipper-helm:v0.11.1-build20260615,rke2/v1.33.13,oras.land/oras-go/v2,v2.6.0,gobinary,CVE-2026-50163,HIGH,https://avd.aquasec.com/nvd/cve-2026-50163,usr/bin/helm,2.6.2,false,not_affected,vulnerable_code_not_present
rancher/klipper-helm:v0.11.1-build20260615,rke2/v1.33.13,golang.org/x/text,v0.33.0,gobinary,CVE-2026-56852,HIGH,https://avd.aquasec.com/nvd/cve-2026-56852,home/klipper-helm/.local/share/helm/plugins/helm-mapkubeapis/bin/mapkubeapis,0.39.0,false,not_affected,vulnerable_code_not_in_execute_path
rancher/klipper-helm:v0.11.1-build20260615,rke2/v1.33.13,golang.org/x/text,v0.33.0,gobinary,CVE-2026-56852,HIGH,https://avd.aquasec.com/nvd/cve-2026-56852,home/klipper-helm/.local/share/helm/plugins/helm-set-status/helm-set-status,0.39.0,false,not_affected,vulnerable_code_not_in_execute_path
rancher/klipper-helm:v0.11.1-build20260615,rke2/v1.33.13,oras.land/oras-go/v2,v2.6.0,gobinary,GHSA-vh4v-2xq2-g5cg,MEDIUM,https://github.com/advisories/GHSA-vh4v-2xq2-g5cg,home/klipper-helm/.local/share/helm/plugins/helm-mapkubeapis/bin/mapkubeapis,2.6.1,false,not_affected,vulnerable_code_not_in_execute_path
rancher/klipper-helm:v0.11.1-build20260615,rke2/v1.33.13,oras.land/oras-go/v2,v2.6.0,gobinary,GHSA-vh4v-2xq2-g5cg,MEDIUM,https://github.com/advisories/GHSA-vh4v-2xq2-g5cg,home/klipper-helm/.local/share/helm/plugins/helm-set-status/helm-set-status,2.6.1,false,not_affected,vulnerable_code_not_in_execute_path
rancher/klipper-helm:v0.11.1-build20260615,rke2/v1.33.13,oras.land/oras-go/v2,v2.6.0,gobinary,GHSA-vh4v-2xq2-g5cg,MEDIUM,https://github.com/advisories/GHSA-vh4v-2xq2-g5cg,usr/bin/helm,2.6.1,false,not_affected,vulnerable_code_not_in_execute_path
rancher/kube-webhook-certgen:v1.14.5-hardened2,rke2/v1.33.13,golang.org/x/net,v0.52.0,gobinary,CVE-2026-25680,HIGH,https://avd.aquasec.com/nvd/cve-2026-25680,kube-webhook-certgen,0.55.0,false,affected,severity_changed_due_to_suse_cvss_score
rancher/kube-webhook-certgen:v1.14.5-hardened2,rke2/v1.33.13,stdlib,v1.26.2,gobinary,CVE-2026-33811,HIGH,https://avd.aquasec.com/nvd/cve-2026-33811,kube-webhook-certgen,"1.25.10, 1.26.3",false,affected,
rancher/kube-webhook-certgen:v1.14.5-hardened2,rke2/v1.33.13,golang.org/x/net,v0.52.0,gobinary,CVE-2026-33814,HIGH,https://avd.aquasec.com/nvd/cve-2026-33814,kube-webhook-certgen,0.53.0,false,affected,
rancher/kube-webhook-certgen:v1.14.5-hardened2,rke2/v1.33.13,stdlib,v1.26.2,gobinary,CVE-2026-33814,HIGH,https://avd.aquasec.com/nvd/cve-2026-33814,kube-webhook-certgen,"1.25.10, 1.26.3",false,affected,
rancher/kube-webhook-certgen:v1.14.5-hardened2,rke2/v1.33.13,stdlib,v1.26.2,gobinary,CVE-2026-39820,HIGH,https://avd.aquasec.com/nvd/cve-2026-39820,kube-webhook-certgen,"1.25.10, 1.26.3",false,affected,
rancher/kube-webhook-certgen:v1.14.5-hardened2,rke2/v1.33.13,golang.org/x/net,v0.52.0,gobinary,CVE-2026-39821,HIGH,https://avd.aquasec.com/nvd/cve-2026-39821,kube-webhook-certgen,0.55.0,false,affected,
rancher/kube-webhook-certgen:v1.14.5-hardened2,rke2/v1.33.13,stdlib,v1.26.2,gobinary,CVE-2026-39822,HIGH,https://avd.aquasec.com/nvd/cve-2026-39822,kube-webhook-certgen,"1.25.12, 1.26.5, 1.27.0-rc.2",false,affected,
rancher/kube-webhook-certgen:v1.14.5-hardened2,rke2/v1.33.13,stdlib,v1.26.2,gobinary,CVE-2026-39836,HIGH,https://avd.aquasec.com/nvd/cve-2026-39836,kube-webhook-certgen,"1.25.10, 1.26.3",false,affected,
rancher/kube-webhook-certgen:v1.14.5-hardened2,rke2/v1.33.13,stdlib,v1.26.2,gobinary,CVE-2026-42499,HIGH,https://avd.aquasec.com/nvd/cve-2026-42499,kube-webhook-certgen,"1.25.10, 1.26.3",false,affected,
rancher/nginx-ingress-controller:v1.14.5-hardened2,rke2/v1.33.13,golang.org/x/net,v0.52.0,gobinary,CVE-2026-25680,MEDIUM,https://avd.aquasec.com/nvd/cve-2026-25680,nginx-ingress-controller,0.55.0,false,not_affected,vulnerable_code_not_present
rancher/nginx-ingress-controller:v1.14.5-hardened2,rke2/v1.33.13,golang.org/x/net,v0.52.0,gobinary,CVE-2026-25681,HIGH,https://avd.aquasec.com/nvd/cve-2026-25681,nginx-ingress-controller,0.55.0,false,not_affected,vulnerable_code_not_present
rancher/nginx-ingress-controller:v1.14.5-hardened2,rke2/v1.33.13,golang.org/x/net,v0.52.0,gobinary,CVE-2026-27136,HIGH,https://avd.aquasec.com/nvd/cve-2026-27136,nginx-ingress-controller,0.55.0,false,not_affected,vulnerable_code_not_present
rancher/nginx-ingress-controller:v1.14.5-hardened2,rke2/v1.33.13,stdlib,v1.26.2,gobinary,CVE-2026-27145,HIGH,https://avd.aquasec.com/nvd/cve-2026-27145,dbg,"1.25.11, 1.26.4",false,not_affected,vulnerable_code_not_in_execute_path
rancher/nginx-ingress-controller:v1.14.5-hardened2,rke2/v1.33.13,stdlib,v1.26.2,gobinary,CVE-2026-27145,HIGH,https://avd.aquasec.com/nvd/cve-2026-27145,nginx-ingress-controller,"1.25.11, 1.26.4",false,not_affected,vulnerable_code_not_in_execute_path
rancher/nginx-ingress-controller:v1.14.5-hardened2,rke2/v1.33.13,stdlib,v1.26.2,gobinary,CVE-2026-27145,HIGH,https://avd.aquasec.com/nvd/cve-2026-27145,wait-shutdown,"1.25.11, 1.26.4",false,not_affected,vulnerable_code_not_in_execute_path
rancher/nginx-ingress-controller:v1.14.5-hardened2,rke2/v1.33.13,stdlib,v1.26.2,gobinary,CVE-2026-33811,HIGH,https://avd.aquasec.com/nvd/cve-2026-33811,dbg,"1.25.10, 1.26.3",false,not_affected,vulnerable_code_not_in_execute_path
rancher/nginx-ingress-controller:v1.14.5-hardened2,rke2/v1.33.13,stdlib,v1.26.2,gobinary,CVE-2026-33811,HIGH,https://avd.aquasec.com/nvd/cve-2026-33811,nginx-ingress-controller,"1.25.10, 1.26.3",false,not_affected,vulnerable_code_not_in_execute_path
rancher/nginx-ingress-controller:v1.14.5-hardened2,rke2/v1.33.13,stdlib,v1.26.2,gobinary,CVE-2026-33811,HIGH,https://avd.aquasec.com/nvd/cve-2026-33811,wait-shutdown,"1.25.10, 1.26.3",false,not_affected,vulnerable_code_not_in_execute_path
rancher/nginx-ingress-controller:v1.14.5-hardened2,rke2/v1.33.13,golang.org/x/net,v0.52.0,gobinary,CVE-2026-33814,HIGH,https://avd.aquasec.com/nvd/cve-2026-33814,nginx-ingress-controller,0.53.0,false,affected,
rancher/nginx-ingress-controller:v1.14.5-hardened2,rke2/v1.33.13,stdlib,v1.26.2,gobinary,CVE-2026-33814,HIGH,https://avd.aquasec.com/nvd/cve-2026-33814,dbg,"1.25.10, 1.26.3",false,not_affected,vulnerable_code_not_in_execute_path
rancher/nginx-ingress-controller:v1.14.5-hardened2,rke2/v1.33.13,stdlib,v1.26.2,gobinary,CVE-2026-33814,HIGH,https://avd.aquasec.com/nvd/cve-2026-33814,nginx-ingress-controller,"1.25.10, 1.26.3",false,not_affected,vulnerable_code_not_in_execute_path
rancher/nginx-ingress-controller:v1.14.5-hardened2,rke2/v1.33.13,stdlib,v1.26.2,gobinary,CVE-2026-33814,HIGH,https://avd.aquasec.com/nvd/cve-2026-33814,wait-shutdown,"1.25.10, 1.26.3",false,not_affected,vulnerable_code_not_in_execute_path
rancher/nginx-ingress-controller:v1.14.5-hardened2,rke2/v1.33.13,stdlib,v1.26.2,gobinary,CVE-2026-39820,HIGH,https://avd.aquasec.com/nvd/cve-2026-39820,dbg,"1.25.10, 1.26.3",false,not_affected,vulnerable_code_not_present
rancher/nginx-ingress-controller:v1.14.5-hardened2,rke2/v1.33.13,stdlib,v1.26.2,gobinary,CVE-2026-39820,HIGH,https://avd.aquasec.com/nvd/cve-2026-39820,nginx-ingress-controller,"1.25.10, 1.26.3",false,not_affected,vulnerable_code_not_present
rancher/nginx-ingress-controller:v1.14.5-hardened2,rke2/v1.33.13,stdlib,v1.26.2,gobinary,CVE-2026-39820,HIGH,https://avd.aquasec.com/nvd/cve-2026-39820,wait-shutdown,"1.25.10, 1.26.3",false,not_affected,vulnerable_code_not_present
rancher/nginx-ingress-controller:v1.14.5-hardened2,rke2/v1.33.13,golang.org/x/net,v0.52.0,gobinary,CVE-2026-39821,HIGH,https://avd.aquasec.com/nvd/cve-2026-39821,nginx-ingress-controller,0.55.0,false,affected,
rancher/nginx-ingress-controller:v1.14.5-hardened2,rke2/v1.33.13,stdlib,v1.26.2,gobinary,CVE-2026-39822,HIGH,https://avd.aquasec.com/nvd/cve-2026-39822,dbg,"1.25.12, 1.26.5, 1.27.0-rc.2",false,not_affected,vulnerable_code_not_in_execute_path
rancher/nginx-ingress-controller:v1.14.5-hardened2,rke2/v1.33.13,stdlib,v1.26.2,gobinary,CVE-2026-39822,HIGH,https://avd.aquasec.com/nvd/cve-2026-39822,nginx-ingress-controller,"1.25.12, 1.26.5, 1.27.0-rc.2",false,not_affected,vulnerable_code_not_in_execute_path
rancher/nginx-ingress-controller:v1.14.5-hardened2,rke2/v1.33.13,stdlib,v1.26.2,gobinary,CVE-2026-39822,HIGH,https://avd.aquasec.com/nvd/cve-2026-39822,wait-shutdown,"1.25.12, 1.26.5, 1.27.0-rc.2",false,not_affected,vulnerable_code_not_in_execute_path
rancher/nginx-ingress-controller:v1.14.5-hardened2,rke2/v1.33.13,stdlib,v1.26.2,gobinary,CVE-2026-39823,MEDIUM,https://avd.aquasec.com/nvd/cve-2026-39823,dbg,"1.25.10, 1.26.3",false,not_affected,vulnerable_code_not_in_execute_path
rancher/nginx-ingress-controller:v1.14.5-hardened2,rke2/v1.33.13,stdlib,v1.26.2,gobinary,CVE-2026-39823,MEDIUM,https://avd.aquasec.com/nvd/cve-2026-39823,nginx-ingress-controller,"1.25.10, 1.26.3",false,not_affected,vulnerable_code_not_in_execute_path
rancher/nginx-ingress-controller:v1.14.5-hardened2,rke2/v1.33.13,stdlib,v1.26.2,gobinary,CVE-2026-39823,MEDIUM,https://avd.aquasec.com/nvd/cve-2026-39823,wait-shutdown,"1.25.10, 1.26.3",false,not_affected,vulnerable_code_not_in_execute_path
rancher/nginx-ingress-controller:v1.14.5-hardened2,rke2/v1.33.13,stdlib,v1.26.2,gobinary,CVE-2026-39825,MEDIUM,https://avd.aquasec.com/nvd/cve-2026-39825,dbg,"1.25.10, 1.26.3",false,not_affected,vulnerable_code_not_in_execute_path
rancher/nginx-ingress-controller:v1.14.5-hardened2,rke2/v1.33.13,stdlib,v1.26.2,gobinary,CVE-2026-39825,MEDIUM,https://avd.aquasec.com/nvd/cve-2026-39825,nginx-ingress-controller,"1.25.10, 1.26.3",false,not_affected,vulnerable_code_not_in_execute_path
rancher/nginx-ingress-controller:v1.14.5-hardened2,rke2/v1.33.13,stdlib,v1.26.2,gobinary,CVE-2026-39825,MEDIUM,https://avd.aquasec.com/nvd/cve-2026-39825,wait-shutdown,"1.25.10, 1.26.3",false,not_affected,vulnerable_code_not_in_execute_path
rancher/nginx-ingress-controller:v1.14.5-hardened2,rke2/v1.33.13,stdlib,v1.26.2,gobinary,CVE-2026-39826,MEDIUM,https://avd.aquasec.com/nvd/cve-2026-39826,dbg,"1.25.10, 1.26.3",false,not_affected,vulnerable_code_not_in_execute_path
rancher/nginx-ingress-controller:v1.14.5-hardened2,rke2/v1.33.13,stdlib,v1.26.2,gobinary,CVE-2026-39826,MEDIUM,https://avd.aquasec.com/nvd/cve-2026-39826,nginx-ingress-controller,"1.25.10, 1.26.3",false,not_affected,vulnerable_code_not_in_execute_path
rancher/nginx-ingress-controller:v1.14.5-hardened2,rke2/v1.33.13,stdlib,v1.26.2,gobinary,CVE-2026-39826,MEDIUM,https://avd.aquasec.com/nvd/cve-2026-39826,wait-shutdown,"1.25.10, 1.26.3",false,not_affected,vulnerable_code_not_in_execute_path
rancher/nginx-ingress-controller:v1.14.5-hardened2,rke2/v1.33.13,stdlib,v1.26.2,gobinary,CVE-2026-39836,HIGH,https://avd.aquasec.com/nvd/cve-2026-39836,dbg,"1.25.10, 1.26.3",false,not_affected,vulnerable_code_not_in_execute_path
rancher/nginx-ingress-controller:v1.14.5-hardened2,rke2/v1.33.13,stdlib,v1.26.2,gobinary,CVE-2026-39836,HIGH,https://avd.aquasec.com/nvd/cve-2026-39836,nginx-ingress-controller,"1.25.10, 1.26.3",false,not_affected,vulnerable_code_not_in_execute_path
rancher/nginx-ingress-controller:v1.14.5-hardened2,rke2/v1.33.13,stdlib,v1.26.2,gobinary,CVE-2026-39836,HIGH,https://avd.aquasec.com/nvd/cve-2026-39836,wait-shutdown,"1.25.10, 1.26.3",false,not_affected,vulnerable_code_not_in_execute_path
rancher/nginx-ingress-controller:v1.14.5-hardened2,rke2/v1.33.13,stdlib,v1.26.2,gobinary,CVE-2026-42499,HIGH,https://avd.aquasec.com/nvd/cve-2026-42499,dbg,"1.25.10, 1.26.3",false,not_affected,vulnerable_code_not_present
rancher/nginx-ingress-controller:v1.14.5-hardened2,rke2/v1.33.13,stdlib,v1.26.2,gobinary,CVE-2026-42499,HIGH,https://avd.aquasec.com/nvd/cve-2026-42499,nginx-ingress-controller,"1.25.10, 1.26.3",false,not_affected,vulnerable_code_not_present
rancher/nginx-ingress-controller:v1.14.5-hardened2,rke2/v1.33.13,stdlib,v1.26.2,gobinary,CVE-2026-42499,HIGH,https://avd.aquasec.com/nvd/cve-2026-42499,wait-shutdown,"1.25.10, 1.26.3",false,not_affected,vulnerable_code_not_present
rancher/nginx-ingress-controller:v1.14.5-hardened2,rke2/v1.33.13,golang.org/x/net,v0.52.0,gobinary,CVE-2026-42502,MEDIUM,https://avd.aquasec.com/nvd/cve-2026-42502,nginx-ingress-controller,0.55.0,false,not_affected,vulnerable_code_not_present
rancher/nginx-ingress-controller:v1.14.5-hardened2,rke2/v1.33.13,stdlib,v1.26.2,gobinary,CVE-2026-42504,HIGH,https://avd.aquasec.com/nvd/cve-2026-42504,dbg,"1.25.11, 1.26.4",false,not_affected,vulnerable_code_not_in_execute_path
rancher/nginx-ingress-controller:v1.14.5-hardened2,rke2/v1.33.13,stdlib,v1.26.2,gobinary,CVE-2026-42504,HIGH,https://avd.aquasec.com/nvd/cve-2026-42504,nginx-ingress-controller,"1.25.11, 1.26.4",false,not_affected,vulnerable_code_not_in_execute_path
rancher/nginx-ingress-controller:v1.14.5-hardened2,rke2/v1.33.13,stdlib,v1.26.2,gobinary,CVE-2026-42504,HIGH,https://avd.aquasec.com/nvd/cve-2026-42504,wait-shutdown,"1.25.11, 1.26.4",false,not_affected,vulnerable_code_not_in_execute_path
rancher/nginx-ingress-controller:v1.14.5-hardened2,rke2/v1.33.13,stdlib,v1.26.2,gobinary,CVE-2026-42505,MEDIUM,https://avd.aquasec.com/nvd/cve-2026-42505,dbg,"1.25.12, 1.26.5, 1.27.0-rc.2",false,not_affected,vulnerable_code_cannot_be_controlled_by_adversary
rancher/nginx-ingress-controller:v1.14.5-hardened2,rke2/v1.33.13,stdlib,v1.26.2,gobinary,CVE-2026-42505,MEDIUM,https://avd.aquasec.com/nvd/cve-2026-42505,nginx-ingress-controller,"1.25.12, 1.26.5, 1.27.0-rc.2",false,not_affected,vulnerable_code_cannot_be_controlled_by_adversary
rancher/nginx-ingress-controller:v1.14.5-hardened2,rke2/v1.33.13,stdlib,v1.26.2,gobinary,CVE-2026-42505,MEDIUM,https://avd.aquasec.com/nvd/cve-2026-42505,wait-shutdown,"1.25.12, 1.26.5, 1.27.0-rc.2",false,not_affected,vulnerable_code_cannot_be_controlled_by_adversary
rancher/nginx-ingress-controller:v1.14.5-hardened2,rke2/v1.33.13,golang.org/x/net,v0.52.0,gobinary,CVE-2026-42506,MEDIUM,https://avd.aquasec.com/nvd/cve-2026-42506,nginx-ingress-controller,0.55.0,false,not_affected,vulnerable_code_not_present
rancher/nginx-ingress-controller:v1.14.5-hardened2,rke2/v1.33.13,stdlib,v1.26.2,gobinary,CVE-2026-42507,MEDIUM,https://avd.aquasec.com/nvd/cve-2026-42507,dbg,"1.25.11, 1.26.4",false,not_affected,vulnerable_code_not_in_execute_path
rancher/nginx-ingress-controller:v1.14.5-hardened2,rke2/v1.33.13,stdlib,v1.26.2,gobinary,CVE-2026-42507,MEDIUM,https://avd.aquasec.com/nvd/cve-2026-42507,nginx-ingress-controller,"1.25.11, 1.26.4",false,not_affected,vulnerable_code_not_in_execute_path
rancher/nginx-ingress-controller:v1.14.5-hardened2,rke2/v1.33.13,stdlib,v1.26.2,gobinary,CVE-2026-42507,MEDIUM,https://avd.aquasec.com/nvd/cve-2026-42507,wait-shutdown,"1.25.11, 1.26.4",false,not_affected,vulnerable_code_not_in_execute_path
rancher/nginx-ingress-controller:v1.14.5-hardened2,rke2/v1.33.13,golang.org/x/text,v0.35.0,gobinary,CVE-2026-56852,HIGH,https://avd.aquasec.com/nvd/cve-2026-56852,nginx-ingress-controller,0.39.0,false,not_affected,vulnerable_code_not_in_execute_path
rancher/nginx-ingress-controller:v1.14.5-hardened2,rke2/v1.33.13,libgpg-error0,1.54-160000.2.2,sles,SUSE-FU-2026:21213-1,MEDIUM,,rancher/nginx-ingress-controller:v1.14.5-hardened2 (sles 16.0),1.58-160000.1.1,false,not_affected,vulnerable_code_not_in_execute_path
rancher/nginx-ingress-controller:v1.14.5-hardened2,rke2/v1.33.13,libtasn1-6,4.20.0-160000.3.2,sles,SUSE-SU-2026:21142-1,MEDIUM,,rancher/nginx-ingress-controller:v1.14.5-hardened2 (sles 16.0),4.21.0-160000.1.1,false,not_affected,vulnerable_code_not_in_execute_path
rancher/nginx-ingress-controller:v1.14.5-hardened2,rke2/v1.33.13,tar,1.35-160000.2.2,sles,SUSE-SU-2026:21143-1,HIGH,,rancher/nginx-ingress-controller:v1.14.5-hardened2 (sles 16.0),1.35-160000.3.1,false,not_affected,vulnerable_code_not_in_execute_path
rancher/nginx-ingress-controller:v1.14.5-hardened2,rke2/v1.33.13,libsystemd0,257.10-160000.1.1,sles,SUSE-SU-2026:21144-1,HIGH,,rancher/nginx-ingress-controller:v1.14.5-hardened2 (sles 16.0),257.13-160000.1.1,false,not_affected,vulnerable_code_not_in_execute_path
rancher/nginx-ingress-controller:v1.14.5-hardened2,rke2/v1.33.13,libudev1,257.10-160000.1.1,sles,SUSE-SU-2026:21144-1,HIGH,,rancher/nginx-ingress-controller:v1.14.5-hardened2 (sles 16.0),257.13-160000.1.1,false,not_affected,vulnerable_code_not_in_execute_path
rancher/nginx-ingress-controller:v1.14.5-hardened2,rke2/v1.33.13,zlib-devel,1.2.13-160000.2.2,sles,SUSE-SU-2026:21151-1,MEDIUM,,rancher/nginx-ingress-controller:v1.14.5-hardened2 (sles 16.0),1.2.13-160000.3.1,false,not_affected,vulnerable_code_not_in_execute_path
rancher/nginx-ingress-controller:v1.14.5-hardened2,rke2/v1.33.13,libblkid1,2.41.1-160000.2.2,sles,SUSE-SU-2026:21158-1,MEDIUM,,rancher/nginx-ingress-controller:v1.14.5-hardened2 (sles 16.0),2.41.1-160000.3.1,false,not_affected,vulnerable_code_not_in_execute_path
rancher/nginx-ingress-controller:v1.14.5-hardened2,rke2/v1.33.13,glibc-devel,2.40-160000.3.1,sles,SUSE-SU-2026:21164-1,MEDIUM,,rancher/nginx-ingress-controller:v1.14.5-hardened2 (sles 16.0),2.40-160000.4.1,false,not_affected,vulnerable_code_not_in_execute_path
rancher/nginx-ingress-controller:v1.14.5-hardened2,rke2/v1.33.13,libsqlite3-0,3.50.4-160000.1.2,sles,SUSE-SU-2026:21173-1,MEDIUM,,rancher/nginx-ingress-controller:v1.14.5-hardened2 (sles 16.0),3.51.3-160000.1.1,false,not_affected,vulnerable_code_not_in_execute_path
rancher/nginx-ingress-controller:v1.14.5-hardened2,rke2/v1.33.13,libpython3_13-1_0,3.13.12-160000.1.1,sles,SUSE-SU-2026:21178-1,HIGH,,rancher/nginx-ingress-controller:v1.14.5-hardened2 (sles 16.0),3.13.13-160000.1.1,false,not_affected,vulnerable_code_not_in_execute_path
rancher/nginx-ingress-controller:v1.14.5-hardened2,rke2/v1.33.13,python313-base,3.13.12-160000.1.1,sles,SUSE-SU-2026:21178-1,HIGH,,rancher/nginx-ingress-controller:v1.14.5-hardened2 (sles 16.0),3.13.13-160000.1.1,false,not_affected,vulnerable_code_not_in_execute_path
rancher/nginx-ingress-controller:v1.14.5-hardened2,rke2/v1.33.13,libopenssl-3-devel,3.5.0-160000.6.1,sles,SUSE-SU-2026:21186-1,HIGH,,rancher/nginx-ingress-controller:v1.14.5-hardened2 (sles 16.0),3.5.0-160000.7.1,false,not_affected,vulnerable_code_not_in_execute_path
rancher/nginx-ingress-controller:v1.14.5-hardened2,rke2/v1.33.13,libopenssl-3-fips-provider,3.5.0-160000.6.1,sles,SUSE-SU-2026:21186-1,HIGH,,rancher/nginx-ingress-controller:v1.14.5-hardened2 (sles 16.0),3.5.0-160000.7.1,false,not_affected,vulnerable_code_not_in_execute_path
rancher/nginx-ingress-controller:v1.14.5-hardened2,rke2/v1.33.13,libopenssl3,3.5.0-160000.6.1,sles,SUSE-SU-2026:21186-1,HIGH,,rancher/nginx-ingress-controller:v1.14.5-hardened2 (sles 16.0),3.5.0-160000.7.1,false,not_affected,vulnerable_code_not_in_execute_path
rancher/nginx-ingress-controller:v1.14.5-hardened2,rke2/v1.33.13,openssl-3,3.5.0-160000.6.1,sles,SUSE-SU-2026:21186-1,HIGH,,rancher/nginx-ingress-controller:v1.14.5-hardened2 (sles 16.0),3.5.0-160000.7.1,false,not_affected,vulnerable_code_not_in_execute_path
rancher/nginx-ingress-controller:v1.14.5-hardened2,rke2/v1.33.13,pam,1.7.1-160000.2.2,sles,SUSE-SU-2026:21192-1,MEDIUM,,rancher/nginx-ingress-controller:v1.14.5-hardened2 (sles 16.0),1.7.1-160000.3.1,false,not_affected,vulnerable_code_not_in_execute_path
rancher/nginx-ingress-controller:v1.14.5-hardened2,rke2/v1.33.13,libcap-progs,2.73-160000.2.2,sles,SUSE-SU-2026:21373-1,HIGH,,rancher/nginx-ingress-controller:v1.14.5-hardened2 (sles 16.0),2.73-160000.3.1,false,affected,
rancher/nginx-ingress-controller:v1.14.5-hardened2,rke2/v1.33.13,libcap2,2.73-160000.2.2,sles,SUSE-SU-2026:21373-1,HIGH,,rancher/nginx-ingress-controller:v1.14.5-hardened2 (sles 16.0),2.73-160000.3.1,false,not_affected,vulnerable_code_not_in_execute_path
rancher/nginx-ingress-controller:v1.14.5-hardened2,rke2/v1.33.13,c-ares-devel,1.34.5-160000.2.2,sles,SUSE-SU-2026:21574-1,MEDIUM,,rancher/nginx-ingress-controller:v1.14.5-hardened2 (sles 16.0),1.34.6-160000.1.1,false,not_affected,vulnerable_code_not_in_execute_path
rancher/nginx-ingress-controller:v1.14.5-hardened2,rke2/v1.33.13,glibc,2.40-160000.3.1,sles,SUSE-SU-2026:21807-1,HIGH,,rancher/nginx-ingress-controller:v1.14.5-hardened2 (sles 16.0),2.40-160000.5.1,false,affected,
rancher/nginx-ingress-controller:v1.14.5-hardened2,rke2/v1.33.13,glibc-devel,2.40-160000.3.1,sles,SUSE-SU-2026:21807-1,HIGH,,rancher/nginx-ingress-controller:v1.14.5-hardened2 (sles 16.0),2.40-160000.5.1,false,not_affected,vulnerable_code_not_in_execute_path
rancher/nginx-ingress-controller:v1.14.5-hardened2,rke2/v1.33.13,glibc-locale-base,2.40-160000.3.1,sles,SUSE-SU-2026:21807-1,HIGH,,rancher/nginx-ingress-controller:v1.14.5-hardened2 (sles 16.0),2.40-160000.5.1,false,affected,
rancher/nginx-ingress-controller:v1.14.5-hardened2,rke2/v1.33.13,liblzma5,5.8.1-160000.2.2,sles,SUSE-SU-2026:21848-1,HIGH,,rancher/nginx-ingress-controller:v1.14.5-hardened2 (sles 16.0),5.8.1-160000.3.1,false,not_affected,vulnerable_code_not_in_execute_path
rancher/nginx-ingress-controller:v1.14.5-hardened2,rke2/v1.33.13,xz,5.8.1-160000.2.2,sles,SUSE-SU-2026:21848-1,HIGH,,rancher/nginx-ingress-controller:v1.14.5-hardened2 (sles 16.0),5.8.1-160000.3.1,false,affected,
rancher/nginx-ingress-controller:v1.14.5-hardened2,rke2/v1.33.13,libcurl-mini4,8.14.1-160000.5.1,sles,SUSE-SU-2026:22156-1,MEDIUM,,rancher/nginx-ingress-controller:v1.14.5-hardened2 (sles 16.0),8.14.1-160000.6.1,false,not_affected,vulnerable_code_not_in_execute_path
rancher/nginx-ingress-controller:v1.14.5-hardened2,rke2/v1.33.13,libsqlite3-0,3.50.4-160000.1.2,sles,SUSE-SU-2026:22166-1,HIGH,,rancher/nginx-ingress-controller:v1.14.5-hardened2 (sles 16.0),3.53.2-160000.1.1,false,affected,
rancher/nginx-ingress-controller:v1.14.5-hardened2,rke2/v1.33.13,libsolv-tools-base,0.7.35-160000.1.1,sles,SUSE-SU-2026:22172-1,HIGH,,rancher/nginx-ingress-controller:v1.14.5-hardened2 (sles 16.0),0.7.39-160000.1.1,false,affected,
rancher/nginx-ingress-controller:v1.14.5-hardened2,rke2/v1.33.13,libzypp,17.38.2-160000.1.1,sles,SUSE-SU-2026:22172-1,HIGH,,rancher/nginx-ingress-controller:v1.14.5-hardened2 (sles 16.0),17.38.13-160000.1.1,false,not_affected,vulnerable_code_not_in_execute_path
rancher/nginx-ingress-controller:v1.14.5-hardened2,rke2/v1.33.13,zypper,1.14.94-160000.1.1,sles,SUSE-SU-2026:22172-1,HIGH,,rancher/nginx-ingress-controller:v1.14.5-hardened2 (sles 16.0),1.14.98-160000.1.1,false,not_affected,vulnerable_code_not_in_execute_path
rancher/nginx-ingress-controller:v1.14.5-hardened2,rke2/v1.33.13,libncurses6,6.5.20250531-160000.2.2,sles,SUSE-SU-2026:22294-1,MEDIUM,,rancher/nginx-ingress-controller:v1.14.5-hardened2 (sles 16.0),6.5.20250531-160000.3.1,false,not_affected,vulnerable_code_not_in_execute_path
rancher/nginx-ingress-controller:v1.14.5-hardened2,rke2/v1.33.13,ncurses-utils,6.5.20250531-160000.2.2,sles,SUSE-SU-2026:22294-1,MEDIUM,,rancher/nginx-ingress-controller:v1.14.5-hardened2 (sles 16.0),6.5.20250531-160000.3.1,false,not_affected,vulnerable_code_not_in_execute_path
rancher/nginx-ingress-controller:v1.14.5-hardened2,rke2/v1.33.13,terminfo-base,6.5.20250531-160000.2.2,sles,SUSE-SU-2026:22294-1,MEDIUM,,rancher/nginx-ingress-controller:v1.14.5-hardened2 (sles 16.0),6.5.20250531-160000.3.1,false,not_affected,vulnerable_code_not_in_execute_path
rancher/nginx-ingress-controller:v1.14.5-hardened2,rke2/v1.33.13,libopenssl-3-devel,3.5.0-160000.6.1,sles,SUSE-SU-2026:22315-1,HIGH,,rancher/nginx-ingress-controller:v1.14.5-hardened2 (sles 16.0),3.5.0-160000.8.1,false,affected,
rancher/nginx-ingress-controller:v1.14.5-hardened2,rke2/v1.33.13,libopenssl-3-fips-provider,3.5.0-160000.6.1,sles,SUSE-SU-2026:22315-1,HIGH,,rancher/nginx-ingress-controller:v1.14.5-hardened2 (sles 16.0),3.5.0-160000.8.1,false,affected,
rancher/nginx-ingress-controller:v1.14.5-hardened2,rke2/v1.33.13,libopenssl3,3.5.0-160000.6.1,sles,SUSE-SU-2026:22315-1,HIGH,,rancher/nginx-ingress-controller:v1.14.5-hardened2 (sles 16.0),3.5.0-160000.8.1,false,affected,
rancher/nginx-ingress-controller:v1.14.5-hardened2,rke2/v1.33.13,openssl-3,3.5.0-160000.6.1,sles,SUSE-SU-2026:22315-1,HIGH,,rancher/nginx-ingress-controller:v1.14.5-hardened2 (sles 16.0),3.5.0-160000.8.1,false,affected,
rancher/nginx-ingress-controller:v1.14.5-hardened2,rke2/v1.33.13,tar,1.35-160000.2.2,sles,SUSE-SU-2026:22377-1,HIGH,,rancher/nginx-ingress-controller:v1.14.5-hardened2 (sles 16.0),1.35-160000.4.1,false,not_affected,vulnerable_code_not_in_execute_path
rancher/nginx-ingress-controller:v1.14.5-hardened2,rke2/v1.33.13,curl,8.14.1-160000.5.1,sles,SUSE-SU-2026:22582-1,HIGH,,rancher/nginx-ingress-controller:v1.14.5-hardened2 (sles 16.0),8.14.1-160000.8.1,false,affected,
rancher/nginx-ingress-controller:v1.14.5-hardened2,rke2/v1.33.13,libcurl-mini4,8.14.1-160000.5.1,sles,SUSE-SU-2026:22582-1,HIGH,,rancher/nginx-ingress-controller:v1.14.5-hardened2 (sles 16.0),8.14.1-160000.8.1,false,not_affected,vulnerable_code_not_in_execute_path
rancher/nginx-ingress-controller:v1.14.5-hardened2,rke2/v1.33.13,libxml2-2,2.13.8-160000.4.1,sles,SUSE-SU-2026:22636-1,HIGH,,rancher/nginx-ingress-controller:v1.14.5-hardened2 (sles 16.0),2.13.8-160000.5.1,false,affected,
rancher/nginx-ingress-controller:v1.14.5-hardened2,rke2/v1.33.13,libxml2-tools,2.13.8-160000.4.1,sles,SUSE-SU-2026:22636-1,HIGH,,rancher/nginx-ingress-controller:v1.14.5-hardened2 (sles 16.0),2.13.8-160000.5.1,false,affected,
rancher/nginx-ingress-controller:v1.14.5-hardened2,rke2/v1.33.13,pam,1.7.1-160000.2.2,sles,SUSE-SU-2026:22639-1,MEDIUM,,rancher/nginx-ingress-controller:v1.14.5-hardened2 (sles 16.0),1.7.1-160000.5.1,false,not_affected,vulnerable_code_not_in_execute_path
rancher/nginx-ingress-controller:v1.14.5-hardened2,rke2/v1.33.13,gzip,1.13-160000.2.2,sles,SUSE-SU-2026:22818-1,HIGH,,rancher/nginx-ingress-controller:v1.14.5-hardened2 (sles 16.0),1.13-160000.3.1,false,not_affected,vulnerable_code_not_in_execute_path
rancher/nginx-ingress-controller:v1.14.5-hardened2,rke2/v1.33.13,glib2-tools,2.84.4-160000.2.1,sles,SUSE-SU-2026:22846-1,HIGH,,rancher/nginx-ingress-controller:v1.14.5-hardened2 (sles 16.0),2.84.4-160000.4.1,false,not_affected,vulnerable_code_not_in_execute_path
rancher/nginx-ingress-controller:v1.14.5-hardened2,rke2/v1.33.13,libgio-2_0-0,2.84.4-160000.2.1,sles,SUSE-SU-2026:22846-1,HIGH,,rancher/nginx-ingress-controller:v1.14.5-hardened2 (sles 16.0),2.84.4-160000.4.1,false,not_affected,vulnerable_code_not_in_execute_path
rancher/nginx-ingress-controller:v1.14.5-hardened2,rke2/v1.33.13,libglib-2_0-0,2.84.4-160000.2.1,sles,SUSE-SU-2026:22846-1,HIGH,,rancher/nginx-ingress-controller:v1.14.5-hardened2 (sles 16.0),2.84.4-160000.4.1,false,not_affected,vulnerable_code_not_in_execute_path
rancher/nginx-ingress-controller:v1.14.5-hardened2,rke2/v1.33.13,libgmodule-2_0-0,2.84.4-160000.2.1,sles,SUSE-SU-2026:22846-1,HIGH,,rancher/nginx-ingress-controller:v1.14.5-hardened2 (sles 16.0),2.84.4-160000.4.1,false,not_affected,vulnerable_code_not_in_execute_path
rancher/nginx-ingress-controller:v1.14.5-hardened2,rke2/v1.33.13,libgobject-2_0-0,2.84.4-160000.2.1,sles,SUSE-SU-2026:22846-1,HIGH,,rancher/nginx-ingress-controller:v1.14.5-hardened2 (sles 16.0),2.84.4-160000.4.1,false,not_affected,vulnerable_code_not_in_execute_path
rancher/rke2-cloud-provider:v1.33.11-0.20260415182038-2566e39d309b-build20260416,rke2/v1.33.13,golang.org/x/net,v0.51.0,gobinary,CVE-2026-25680,MEDIUM,https://avd.aquasec.com/nvd/cve-2026-25680,usr/local/bin/rke2-cloud-provider,0.55.0,false,not_affected,vulnerable_code_not_present
rancher/rke2-cloud-provider:v1.33.11-0.20260415182038-2566e39d309b-build20260416,rke2/v1.33.13,golang.org/x/net,v0.51.0,gobinary,CVE-2026-25681,HIGH,https://avd.aquasec.com/nvd/cve-2026-25681,usr/local/bin/rke2-cloud-provider,0.55.0,false,not_affected,vulnerable_code_not_present
rancher/rke2-cloud-provider:v1.33.11-0.20260415182038-2566e39d309b-build20260416,rke2/v1.33.13,golang.org/x/net,v0.51.0,gobinary,CVE-2026-27136,HIGH,https://avd.aquasec.com/nvd/cve-2026-27136,usr/local/bin/rke2-cloud-provider,0.55.0,false,not_affected,vulnerable_code_not_present
rancher/rke2-cloud-provider:v1.33.11-0.20260415182038-2566e39d309b-build20260416,rke2/v1.33.13,go.opentelemetry.io/otel,v1.40.0,gobinary,CVE-2026-29181,HIGH,https://avd.aquasec.com/nvd/cve-2026-29181,usr/local/bin/rke2-cloud-provider,1.41.0,false,affected,
rancher/rke2-cloud-provider:v1.33.11-0.20260415182038-2566e39d309b-build20260416,rke2/v1.33.13,google.golang.org/grpc,v1.72.1,gobinary,CVE-2026-33186,CRITICAL,https://avd.aquasec.com/nvd/cve-2026-33186,usr/local/bin/rke2-cloud-provider,1.79.3,false,not_affected,vulnerable_code_not_in_execute_path
rancher/rke2-cloud-provider:v1.33.11-0.20260415182038-2566e39d309b-build20260416,rke2/v1.33.13,stdlib,v1.25.9,gobinary,CVE-2026-33811,HIGH,https://avd.aquasec.com/nvd/cve-2026-33811,usr/local/bin/rke2-cloud-provider,"1.25.10, 1.26.3",false,not_affected,vulnerable_code_not_in_execute_path
rancher/rke2-cloud-provider:v1.33.11-0.20260415182038-2566e39d309b-build20260416,rke2/v1.33.13,golang.org/x/net,v0.51.0,gobinary,CVE-2026-33814,HIGH,https://avd.aquasec.com/nvd/cve-2026-33814,usr/local/bin/rke2-cloud-provider,0.53.0,false,affected,
rancher/rke2-cloud-provider:v1.33.11-0.20260415182038-2566e39d309b-build20260416,rke2/v1.33.13,stdlib,v1.25.9,gobinary,CVE-2026-33814,HIGH,https://avd.aquasec.com/nvd/cve-2026-33814,usr/local/bin/rke2-cloud-provider,"1.25.10, 1.26.3",false,affected,
rancher/rke2-cloud-provider:v1.33.11-0.20260415182038-2566e39d309b-build20260416,rke2/v1.33.13,stdlib,v1.25.9,gobinary,CVE-2026-39820,HIGH,https://avd.aquasec.com/nvd/cve-2026-39820,usr/local/bin/rke2-cloud-provider,"1.25.10, 1.26.3",false,not_affected,vulnerable_code_not_in_execute_path
rancher/rke2-cloud-provider:v1.33.11-0.20260415182038-2566e39d309b-build20260416,rke2/v1.33.13,golang.org/x/net,v0.51.0,gobinary,CVE-2026-39821,HIGH,https://avd.aquasec.com/nvd/cve-2026-39821,usr/local/bin/rke2-cloud-provider,0.55.0,false,affected,
rancher/rke2-cloud-provider:v1.33.11-0.20260415182038-2566e39d309b-build20260416,rke2/v1.33.13,stdlib,v1.25.9,gobinary,CVE-2026-39822,HIGH,https://avd.aquasec.com/nvd/cve-2026-39822,usr/local/bin/rke2-cloud-provider,"1.25.12, 1.26.5, 1.27.0-rc.2",false,not_affected,vulnerable_code_not_in_execute_path
rancher/rke2-cloud-provider:v1.33.11-0.20260415182038-2566e39d309b-build20260416,rke2/v1.33.13,stdlib,v1.25.9,gobinary,CVE-2026-39825,MEDIUM,https://avd.aquasec.com/nvd/cve-2026-39825,usr/local/bin/rke2-cloud-provider,"1.25.10, 1.26.3",false,not_affected,vulnerable_code_not_in_execute_path
rancher/rke2-cloud-provider:v1.33.11-0.20260415182038-2566e39d309b-build20260416,rke2/v1.33.13,golang.org/x/crypto,v0.49.0,gobinary,CVE-2026-39827,MEDIUM,https://avd.aquasec.com/nvd/cve-2026-39827,usr/local/bin/rke2-cloud-provider,0.52.0,false,not_affected,vulnerable_code_not_present
rancher/rke2-cloud-provider:v1.33.11-0.20260415182038-2566e39d309b-build20260416,rke2/v1.33.13,golang.org/x/crypto,v0.49.0,gobinary,CVE-2026-39828,HIGH,https://avd.aquasec.com/nvd/cve-2026-39828,usr/local/bin/rke2-cloud-provider,0.52.0,false,not_affected,vulnerable_code_not_present
rancher/rke2-cloud-provider:v1.33.11-0.20260415182038-2566e39d309b-build20260416,rke2/v1.33.13,golang.org/x/crypto,v0.49.0,gobinary,CVE-2026-39829,HIGH,https://avd.aquasec.com/nvd/cve-2026-39829,usr/local/bin/rke2-cloud-provider,0.52.0,false,not_affected,vulnerable_code_not_present
rancher/rke2-cloud-provider:v1.33.11-0.20260415182038-2566e39d309b-build20260416,rke2/v1.33.13,golang.org/x/crypto,v0.49.0,gobinary,CVE-2026-39830,HIGH,https://avd.aquasec.com/nvd/cve-2026-39830,usr/local/bin/rke2-cloud-provider,0.52.0,false,not_affected,vulnerable_code_not_present
rancher/rke2-cloud-provider:v1.33.11-0.20260415182038-2566e39d309b-build20260416,rke2/v1.33.13,golang.org/x/crypto,v0.49.0,gobinary,CVE-2026-39831,HIGH,https://avd.aquasec.com/nvd/cve-2026-39831,usr/local/bin/rke2-cloud-provider,0.52.0,false,not_affected,vulnerable_code_not_present
rancher/rke2-cloud-provider:v1.33.11-0.20260415182038-2566e39d309b-build20260416,rke2/v1.33.13,golang.org/x/crypto,v0.49.0,gobinary,CVE-2026-39832,HIGH,https://avd.aquasec.com/nvd/cve-2026-39832,usr/local/bin/rke2-cloud-provider,0.52.0,false,not_affected,vulnerable_code_not_present
rancher/rke2-cloud-provider:v1.33.11-0.20260415182038-2566e39d309b-build20260416,rke2/v1.33.13,golang.org/x/crypto,v0.49.0,gobinary,CVE-2026-39833,MEDIUM,https://avd.aquasec.com/nvd/cve-2026-39833,usr/local/bin/rke2-cloud-provider,0.52.0,false,not_affected,vulnerable_code_not_present
rancher/rke2-cloud-provider:v1.33.11-0.20260415182038-2566e39d309b-build20260416,rke2/v1.33.13,golang.org/x/crypto,v0.49.0,gobinary,CVE-2026-39834,MEDIUM,https://avd.aquasec.com/nvd/cve-2026-39834,usr/local/bin/rke2-cloud-provider,0.52.0,false,not_affected,vulnerable_code_not_present
rancher/rke2-cloud-provider:v1.33.11-0.20260415182038-2566e39d309b-build20260416,rke2/v1.33.13,golang.org/x/crypto,v0.49.0,gobinary,CVE-2026-39835,HIGH,https://avd.aquasec.com/nvd/cve-2026-39835,usr/local/bin/rke2-cloud-provider,0.52.0,false,not_affected,vulnerable_code_not_present
rancher/rke2-cloud-provider:v1.33.11-0.20260415182038-2566e39d309b-build20260416,rke2/v1.33.13,stdlib,v1.25.9,gobinary,CVE-2026-39836,HIGH,https://avd.aquasec.com/nvd/cve-2026-39836,usr/local/bin/rke2-cloud-provider,"1.25.10, 1.26.3",false,not_affected,vulnerable_code_not_in_execute_path
rancher/rke2-cloud-provider:v1.33.11-0.20260415182038-2566e39d309b-build20260416,rke2/v1.33.13,go.opentelemetry.io/otel/sdk,v1.40.0,gobinary,CVE-2026-39883,HIGH,https://avd.aquasec.com/nvd/cve-2026-39883,usr/local/bin/rke2-cloud-provider,1.43.0,false,not_affected,vulnerable_code_not_in_execute_path
rancher/rke2-cloud-provider:v1.33.11-0.20260415182038-2566e39d309b-build20260416,rke2/v1.33.13,stdlib,v1.25.9,gobinary,CVE-2026-42499,HIGH,https://avd.aquasec.com/nvd/cve-2026-42499,usr/local/bin/rke2-cloud-provider,"1.25.10, 1.26.3",false,not_affected,vulnerable_code_not_in_execute_path
rancher/rke2-cloud-provider:v1.33.11-0.20260415182038-2566e39d309b-build20260416,rke2/v1.33.13,golang.org/x/net,v0.51.0,gobinary,CVE-2026-42502,MEDIUM,https://avd.aquasec.com/nvd/cve-2026-42502,usr/local/bin/rke2-cloud-provider,0.55.0,false,not_affected,vulnerable_code_not_present
rancher/rke2-cloud-provider:v1.33.11-0.20260415182038-2566e39d309b-build20260416,rke2/v1.33.13,golang.org/x/net,v0.51.0,gobinary,CVE-2026-42506,MEDIUM,https://avd.aquasec.com/nvd/cve-2026-42506,usr/local/bin/rke2-cloud-provider,0.55.0,false,not_affected,vulnerable_code_not_present
rancher/rke2-cloud-provider:v1.33.11-0.20260415182038-2566e39d309b-build20260416,rke2/v1.33.13,golang.org/x/crypto,v0.49.0,gobinary,CVE-2026-42508,HIGH,https://avd.aquasec.com/nvd/cve-2026-42508,usr/local/bin/rke2-cloud-provider,0.52.0,false,not_affected,vulnerable_code_not_present
rancher/rke2-cloud-provider:v1.33.11-0.20260415182038-2566e39d309b-build20260416,rke2/v1.33.13,golang.org/x/crypto,v0.49.0,gobinary,CVE-2026-46595,HIGH,https://avd.aquasec.com/nvd/cve-2026-46595,usr/local/bin/rke2-cloud-provider,0.52.0,false,not_affected,vulnerable_code_not_present
rancher/rke2-cloud-provider:v1.33.11-0.20260415182038-2566e39d309b-build20260416,rke2/v1.33.13,golang.org/x/crypto,v0.49.0,gobinary,CVE-2026-46597,HIGH,https://avd.aquasec.com/nvd/cve-2026-46597,usr/local/bin/rke2-cloud-provider,0.52.0,false,not_affected,vulnerable_code_not_present
rancher/rke2-cloud-provider:v1.33.11-0.20260415182038-2566e39d309b-build20260416,rke2/v1.33.13,golang.org/x/crypto,v0.49.0,gobinary,CVE-2026-46598,MEDIUM,https://avd.aquasec.com/nvd/cve-2026-46598,usr/local/bin/rke2-cloud-provider,0.52.0,false,not_affected,vulnerable_code_not_present
rancher/rke2-cloud-provider:v1.33.11-0.20260415182038-2566e39d309b-build20260416,rke2/v1.33.13,google.golang.org/grpc,v1.72.1,gobinary,GHSA-hrxh-6v49-42gf,HIGH,https://github.com/advisories/GHSA-hrxh-6v49-42gf,usr/local/bin/rke2-cloud-provider,1.82.1,false,affected,
rancher/rke2-runtime:v1.33.13-rke2r1,rke2/v1.33.13,go.opentelemetry.io/contrib/instrumentation/github.com/emicklei/go-restful/otelrestful,v0.42.0,gobinary,CVE-2023-45142,HIGH,https://avd.aquasec.com/nvd/cve-2023-45142,bin/kubelet,0.44.0,false,not_affected,vulnerable_code_not_in_execute_path
rancher/rke2-runtime:v1.33.13-rke2r1,rke2/v1.33.13,github.com/docker/cli,v29.1.5+incompatible,gobinary,CVE-2025-15558,HIGH,https://avd.aquasec.com/nvd/cve-2025-15558,bin/containerd,29.2.0,false,not_affected,vulnerable_code_not_present
rancher/rke2-runtime:v1.33.13-rke2r1,rke2/v1.33.13,golang.org/x/net,v0.38.0,gobinary,CVE-2025-47911,MEDIUM,https://avd.aquasec.com/nvd/cve-2025-47911,bin/crictl,0.45.0,false,not_affected,vulnerable_code_not_in_execute_path
rancher/rke2-runtime:v1.33.13-rke2r1,rke2/v1.33.13,golang.org/x/net,v0.38.0,gobinary,CVE-2025-47911,MEDIUM,https://avd.aquasec.com/nvd/cve-2025-47911,bin/kubectl,0.45.0,false,not_affected,vulnerable_code_not_present
rancher/rke2-runtime:v1.33.13-rke2r1,rke2/v1.33.13,golang.org/x/net,v0.38.0,gobinary,CVE-2025-47911,MEDIUM,https://avd.aquasec.com/nvd/cve-2025-47911,bin/kubelet,0.45.0,false,not_affected,vulnerable_code_not_present
rancher/rke2-runtime:v1.33.13-rke2r1,rke2/v1.33.13,golang.org/x/net,v0.43.0,gobinary,CVE-2025-47911,MEDIUM,https://avd.aquasec.com/nvd/cve-2025-47911,bin/runc,0.45.0,false,not_affected,vulnerable_code_not_present
rancher/rke2-runtime:v1.33.13-rke2r1,rke2/v1.33.13,golang.org/x/crypto,v0.36.0,gobinary,CVE-2025-47913,HIGH,https://avd.aquasec.com/nvd/cve-2025-47913,bin/kubelet,0.43.0,false,not_affected,vulnerable_code_not_present
rancher/rke2-runtime:v1.33.13-rke2r1,rke2/v1.33.13,golang.org/x/crypto,v0.36.0,gobinary,CVE-2025-47914,MEDIUM,https://avd.aquasec.com/nvd/cve-2025-47914,bin/kubelet,0.45.0,false,not_affected,vulnerable_code_not_present
rancher/rke2-runtime:v1.33.13-rke2r1,rke2/v1.33.13,github.com/opencontainers/selinux,v1.11.1,gobinary,CVE-2025-52881,HIGH,https://avd.aquasec.com/nvd/cve-2025-52881,bin/kubelet,1.13.0,false,not_affected,vulnerable_code_not_in_execute_path
rancher/rke2-runtime:v1.33.13-rke2r1,rke2/v1.33.13,golang.org/x/crypto,v0.36.0,gobinary,CVE-2025-58181,MEDIUM,https://avd.aquasec.com/nvd/cve-2025-58181,bin/kubelet,0.45.0,false,not_affected,vulnerable_code_not_present
rancher/rke2-runtime:v1.33.13-rke2r1,rke2/v1.33.13,golang.org/x/net,v0.38.0,gobinary,CVE-2025-58190,MEDIUM,https://avd.aquasec.com/nvd/cve-2025-58190,bin/crictl,0.45.0,false,not_affected,vulnerable_code_not_in_execute_path
rancher/rke2-runtime:v1.33.13-rke2r1,rke2/v1.33.13,golang.org/x/net,v0.38.0,gobinary,CVE-2025-58190,MEDIUM,https://avd.aquasec.com/nvd/cve-2025-58190,bin/kubectl,0.45.0,false,not_affected,vulnerable_code_not_present
rancher/rke2-runtime:v1.33.13-rke2r1,rke2/v1.33.13,golang.org/x/net,v0.38.0,gobinary,CVE-2025-58190,MEDIUM,https://avd.aquasec.com/nvd/cve-2025-58190,bin/kubelet,0.45.0,false,not_affected,vulnerable_code_not_present
rancher/rke2-runtime:v1.33.13-rke2r1,rke2/v1.33.13,golang.org/x/net,v0.43.0,gobinary,CVE-2025-58190,MEDIUM,https://avd.aquasec.com/nvd/cve-2025-58190,bin/runc,0.45.0,false,not_affected,vulnerable_code_not_present
rancher/rke2-runtime:v1.33.13-rke2r1,rke2/v1.33.13,go.opentelemetry.io/otel/sdk,v1.33.0,gobinary,CVE-2026-24051,HIGH,https://avd.aquasec.com/nvd/cve-2026-24051,bin/kubelet,1.40.0,false,not_affected,vulnerable_code_not_present
rancher/rke2-runtime:v1.33.13-rke2r1,rke2/v1.33.13,go.opentelemetry.io/otel/sdk,v1.35.0,gobinary,CVE-2026-24051,HIGH,https://avd.aquasec.com/nvd/cve-2026-24051,bin/crictl,1.40.0,false,not_affected,vulnerable_code_not_present
rancher/rke2-runtime:v1.33.13-rke2r1,rke2/v1.33.13,go.opentelemetry.io/otel/sdk,v1.38.0,gobinary,CVE-2026-24051,HIGH,https://avd.aquasec.com/nvd/cve-2026-24051,bin/containerd,1.40.0,false,not_affected,vulnerable_code_not_present
rancher/rke2-runtime:v1.33.13-rke2r1,rke2/v1.33.13,golang.org/x/net,v0.38.0,gobinary,CVE-2026-25680,MEDIUM,https://avd.aquasec.com/nvd/cve-2026-25680,bin/crictl,0.55.0,false,not_affected,vulnerable_code_not_in_execute_path
rancher/rke2-runtime:v1.33.13-rke2r1,rke2/v1.33.13,golang.org/x/net,v0.38.0,gobinary,CVE-2026-25680,MEDIUM,https://avd.aquasec.com/nvd/cve-2026-25680,bin/kubectl,0.55.0,false,not_affected,vulnerable_code_not_present
rancher/rke2-runtime:v1.33.13-rke2r1,rke2/v1.33.13,golang.org/x/net,v0.38.0,gobinary,CVE-2026-25680,MEDIUM,https://avd.aquasec.com/nvd/cve-2026-25680,bin/kubelet,0.55.0,false,not_affected,vulnerable_code_not_present
rancher/rke2-runtime:v1.33.13-rke2r1,rke2/v1.33.13,golang.org/x/net,v0.43.0,gobinary,CVE-2026-25680,MEDIUM,https://avd.aquasec.com/nvd/cve-2026-25680,bin/runc,0.55.0,false,not_affected,vulnerable_code_not_present
rancher/rke2-runtime:v1.33.13-rke2r1,rke2/v1.33.13,golang.org/x/net,v0.38.0,gobinary,CVE-2026-25681,HIGH,https://avd.aquasec.com/nvd/cve-2026-25681,bin/crictl,0.55.0,false,not_affected,vulnerable_code_not_in_execute_path
rancher/rke2-runtime:v1.33.13-rke2r1,rke2/v1.33.13,golang.org/x/net,v0.38.0,gobinary,CVE-2026-25681,HIGH,https://avd.aquasec.com/nvd/cve-2026-25681,bin/kubectl,0.55.0,false,not_affected,vulnerable_code_not_present
rancher/rke2-runtime:v1.33.13-rke2r1,rke2/v1.33.13,golang.org/x/net,v0.38.0,gobinary,CVE-2026-25681,HIGH,https://avd.aquasec.com/nvd/cve-2026-25681,bin/kubelet,0.55.0,false,not_affected,vulnerable_code_not_present
rancher/rke2-runtime:v1.33.13-rke2r1,rke2/v1.33.13,golang.org/x/net,v0.43.0,gobinary,CVE-2026-25681,HIGH,https://avd.aquasec.com/nvd/cve-2026-25681,bin/runc,0.55.0,false,not_affected,vulnerable_code_not_present
rancher/rke2-runtime:v1.33.13-rke2r1,rke2/v1.33.13,golang.org/x/net,v0.38.0,gobinary,CVE-2026-27136,HIGH,https://avd.aquasec.com/nvd/cve-2026-27136,bin/crictl,0.55.0,false,not_affected,vulnerable_code_not_in_execute_path
rancher/rke2-runtime:v1.33.13-rke2r1,rke2/v1.33.13,golang.org/x/net,v0.38.0,gobinary,CVE-2026-27136,HIGH,https://avd.aquasec.com/nvd/cve-2026-27136,bin/kubectl,0.55.0,false,not_affected,vulnerable_code_not_present
rancher/rke2-runtime:v1.33.13-rke2r1,rke2/v1.33.13,golang.org/x/net,v0.38.0,gobinary,CVE-2026-27136,HIGH,https://avd.aquasec.com/nvd/cve-2026-27136,bin/kubelet,0.55.0,false,not_affected,vulnerable_code_not_present
rancher/rke2-runtime:v1.33.13-rke2r1,rke2/v1.33.13,golang.org/x/net,v0.43.0,gobinary,CVE-2026-27136,HIGH,https://avd.aquasec.com/nvd/cve-2026-27136,bin/runc,0.55.0,false,not_affected,vulnerable_code_not_present
rancher/rke2-runtime:v1.33.13-rke2r1,rke2/v1.33.13,stdlib,v1.25.10,gobinary,CVE-2026-27145,HIGH,https://avd.aquasec.com/nvd/cve-2026-27145,bin/runc,"1.25.11, 1.26.4",false,not_affected,vulnerable_code_not_present
rancher/rke2-runtime:v1.33.13-rke2r1,rke2/v1.33.13,stdlib,v1.26.3,gobinary,CVE-2026-27145,HIGH,https://avd.aquasec.com/nvd/cve-2026-27145,bin/crictl,"1.25.11, 1.26.4",false,not_affected,vulnerable_code_not_in_execute_path
rancher/rke2-runtime:v1.33.13-rke2r1,rke2/v1.33.13,github.com/buger/jsonparser,v1.1.1,gobinary,CVE-2026-32285,HIGH,https://avd.aquasec.com/nvd/cve-2026-32285,bin/crictl,1.1.2,false,not_affected,vulnerable_code_not_in_execute_path
rancher/rke2-runtime:v1.33.13-rke2r1,rke2/v1.33.13,google.golang.org/grpc,v1.68.1,gobinary,CVE-2026-33186,CRITICAL,https://avd.aquasec.com/nvd/cve-2026-33186,bin/kubelet,1.79.3,false,not_affected,vulnerable_code_not_present
rancher/rke2-runtime:v1.33.13-rke2r1,rke2/v1.33.13,google.golang.org/grpc,v1.72.0,gobinary,CVE-2026-33186,CRITICAL,https://avd.aquasec.com/nvd/cve-2026-33186,bin/crictl,1.79.3,false,not_affected,vulnerable_code_not_in_execute_path
rancher/rke2-runtime:v1.33.13-rke2r1,rke2/v1.33.13,google.golang.org/grpc,v1.78.0,gobinary,CVE-2026-33186,CRITICAL,https://avd.aquasec.com/nvd/cve-2026-33186,bin/containerd,1.79.3,false,not_affected,vulnerable_code_not_present
rancher/rke2-runtime:v1.33.13-rke2r1,rke2/v1.33.13,google.golang.org/grpc,v1.78.0,gobinary,CVE-2026-33186,CRITICAL,https://avd.aquasec.com/nvd/cve-2026-33186,bin/containerd-shim-runc-v2,1.79.3,false,not_affected,vulnerable_code_not_present
rancher/rke2-runtime:v1.33.13-rke2r1,rke2/v1.33.13,google.golang.org/grpc,v1.78.0,gobinary,CVE-2026-33186,CRITICAL,https://avd.aquasec.com/nvd/cve-2026-33186,bin/ctr,1.79.3,false,not_affected,vulnerable_code_not_present
rancher/rke2-runtime:v1.33.13-rke2r1,rke2/v1.33.13,golang.org/x/net,v0.38.0,gobinary,CVE-2026-33814,HIGH,https://avd.aquasec.com/nvd/cve-2026-33814,bin/crictl,0.53.0,false,not_affected,vulnerable_code_not_in_execute_path
rancher/rke2-runtime:v1.33.13-rke2r1,rke2/v1.33.13,golang.org/x/net,v0.38.0,gobinary,CVE-2026-33814,HIGH,https://avd.aquasec.com/nvd/cve-2026-33814,bin/kubectl,0.53.0,false,affected,
rancher/rke2-runtime:v1.33.13-rke2r1,rke2/v1.33.13,golang.org/x/net,v0.38.0,gobinary,CVE-2026-33814,HIGH,https://avd.aquasec.com/nvd/cve-2026-33814,bin/kubelet,0.53.0,false,affected,
rancher/rke2-runtime:v1.33.13-rke2r1,rke2/v1.33.13,golang.org/x/net,v0.43.0,gobinary,CVE-2026-33814,HIGH,https://avd.aquasec.com/nvd/cve-2026-33814,bin/runc,0.53.0,false,not_affected,vulnerable_code_not_present
rancher/rke2-runtime:v1.33.13-rke2r1,rke2/v1.33.13,github.com/docker/docker,v27.1.1+incompatible,gobinary,CVE-2026-33997,MEDIUM,https://avd.aquasec.com/nvd/cve-2026-33997,bin/crictl,29.3.1,false,not_affected,vulnerable_code_not_in_execute_path
rancher/rke2-runtime:v1.33.13-rke2r1,rke2/v1.33.13,github.com/docker/docker,v27.3.1+incompatible,gobinary,CVE-2026-33997,MEDIUM,https://avd.aquasec.com/nvd/cve-2026-33997,bin/containerd,29.3.1,false,not_affected,vulnerable_code_not_in_execute_path
rancher/rke2-runtime:v1.33.13-rke2r1,rke2/v1.33.13,github.com/docker/docker,v27.1.1+incompatible,gobinary,CVE-2026-34040,HIGH,https://avd.aquasec.com/nvd/cve-2026-34040,bin/crictl,29.3.1,false,not_affected,vulnerable_code_not_in_execute_path
rancher/rke2-runtime:v1.33.13-rke2r1,rke2/v1.33.13,github.com/docker/docker,v27.3.1+incompatible,gobinary,CVE-2026-34040,HIGH,https://avd.aquasec.com/nvd/cve-2026-34040,bin/containerd,29.3.1,false,not_affected,vulnerable_code_not_in_execute_path
rancher/rke2-runtime:v1.33.13-rke2r1,rke2/v1.33.13,golang.org/x/net,v0.38.0,gobinary,CVE-2026-39821,HIGH,https://avd.aquasec.com/nvd/cve-2026-39821,bin/crictl,0.55.0,false,not_affected,vulnerable_code_not_in_execute_path
rancher/rke2-runtime:v1.33.13-rke2r1,rke2/v1.33.13,golang.org/x/net,v0.38.0,gobinary,CVE-2026-39821,HIGH,https://avd.aquasec.com/nvd/cve-2026-39821,bin/kubectl,0.55.0,false,affected,
rancher/rke2-runtime:v1.33.13-rke2r1,rke2/v1.33.13,golang.org/x/net,v0.38.0,gobinary,CVE-2026-39821,HIGH,https://avd.aquasec.com/nvd/cve-2026-39821,bin/kubelet,0.55.0,false,affected,
rancher/rke2-runtime:v1.33.13-rke2r1,rke2/v1.33.13,golang.org/x/net,v0.43.0,gobinary,CVE-2026-39821,HIGH,https://avd.aquasec.com/nvd/cve-2026-39821,bin/runc,0.55.0,false,not_affected,vulnerable_code_not_present
rancher/rke2-runtime:v1.33.13-rke2r1,rke2/v1.33.13,stdlib,v1.25.10,gobinary,CVE-2026-39822,HIGH,https://avd.aquasec.com/nvd/cve-2026-39822,bin/runc,"1.25.12, 1.26.5, 1.27.0-rc.2",false,not_affected,vulnerable_code_not_in_execute_path
rancher/rke2-runtime:v1.33.13-rke2r1,rke2/v1.33.13,stdlib,v1.25.11,gobinary,CVE-2026-39822,HIGH,https://avd.aquasec.com/nvd/cve-2026-39822,bin/kubectl,"1.25.12, 1.26.5, 1.27.0-rc.2",false,not_affected,vulnerable_code_not_in_execute_path
rancher/rke2-runtime:v1.33.13-rke2r1,rke2/v1.33.13,stdlib,v1.25.11,gobinary,CVE-2026-39822,HIGH,https://avd.aquasec.com/nvd/cve-2026-39822,bin/kubelet,"1.25.12, 1.26.5, 1.27.0-rc.2",false,not_affected,vulnerable_code_not_in_execute_path
rancher/rke2-runtime:v1.33.13-rke2r1,rke2/v1.33.13,stdlib,v1.26.3,gobinary,CVE-2026-39822,HIGH,https://avd.aquasec.com/nvd/cve-2026-39822,bin/crictl,"1.25.12, 1.26.5, 1.27.0-rc.2",false,not_affected,vulnerable_code_not_in_execute_path
rancher/rke2-runtime:v1.33.13-rke2r1,rke2/v1.33.13,stdlib,v1.26.4,gobinary,CVE-2026-39822,HIGH,https://avd.aquasec.com/nvd/cve-2026-39822,bin/containerd,"1.25.12, 1.26.5, 1.27.0-rc.2",false,not_affected,vulnerable_code_not_in_execute_path
rancher/rke2-runtime:v1.33.13-rke2r1,rke2/v1.33.13,stdlib,v1.26.4,gobinary,CVE-2026-39822,HIGH,https://avd.aquasec.com/nvd/cve-2026-39822,bin/containerd-shim-runc-v2,"1.25.12, 1.26.5, 1.27.0-rc.2",false,not_affected,vulnerable_code_not_in_execute_path
rancher/rke2-runtime:v1.33.13-rke2r1,rke2/v1.33.13,stdlib,v1.26.4,gobinary,CVE-2026-39822,HIGH,https://avd.aquasec.com/nvd/cve-2026-39822,bin/ctr,"1.25.12, 1.26.5, 1.27.0-rc.2",false,not_affected,vulnerable_code_not_in_execute_path
rancher/rke2-runtime:v1.33.13-rke2r1,rke2/v1.33.13,golang.org/x/crypto,v0.36.0,gobinary,CVE-2026-39827,MEDIUM,https://avd.aquasec.com/nvd/cve-2026-39827,bin/kubelet,0.52.0,false,not_affected,vulnerable_code_not_present
rancher/rke2-runtime:v1.33.13-rke2r1,rke2/v1.33.13,golang.org/x/crypto,v0.36.0,gobinary,CVE-2026-39828,HIGH,https://avd.aquasec.com/nvd/cve-2026-39828,bin/kubelet,0.52.0,false,not_affected,vulnerable_code_not_present
rancher/rke2-runtime:v1.33.13-rke2r1,rke2/v1.33.13,golang.org/x/crypto,v0.36.0,gobinary,CVE-2026-39829,HIGH,https://avd.aquasec.com/nvd/cve-2026-39829,bin/kubelet,0.52.0,false,not_affected,vulnerable_code_not_present
rancher/rke2-runtime:v1.33.13-rke2r1,rke2/v1.33.13,golang.org/x/crypto,v0.36.0,gobinary,CVE-2026-39830,HIGH,https://avd.aquasec.com/nvd/cve-2026-39830,bin/kubelet,0.52.0,false,not_affected,vulnerable_code_not_present
rancher/rke2-runtime:v1.33.13-rke2r1,rke2/v1.33.13,golang.org/x/crypto,v0.36.0,gobinary,CVE-2026-39831,HIGH,https://avd.aquasec.com/nvd/cve-2026-39831,bin/kubelet,0.52.0,false,not_affected,vulnerable_code_not_present
rancher/rke2-runtime:v1.33.13-rke2r1,rke2/v1.33.13,golang.org/x/crypto,v0.36.0,gobinary,CVE-2026-39832,HIGH,https://avd.aquasec.com/nvd/cve-2026-39832,bin/kubelet,0.52.0,false,not_affected,vulnerable_code_not_present
rancher/rke2-runtime:v1.33.13-rke2r1,rke2/v1.33.13,golang.org/x/crypto,v0.36.0,gobinary,CVE-2026-39833,MEDIUM,https://avd.aquasec.com/nvd/cve-2026-39833,bin/kubelet,0.52.0,false,not_affected,vulnerable_code_not_present
rancher/rke2-runtime:v1.33.13-rke2r1,rke2/v1.33.13,golang.org/x/crypto,v0.36.0,gobinary,CVE-2026-39834,MEDIUM,https://avd.aquasec.com/nvd/cve-2026-39834,bin/kubelet,0.52.0,false,not_affected,vulnerable_code_not_present
rancher/rke2-runtime:v1.33.13-rke2r1,rke2/v1.33.13,golang.org/x/crypto,v0.36.0,gobinary,CVE-2026-39835,HIGH,https://avd.aquasec.com/nvd/cve-2026-39835,bin/kubelet,0.52.0,false,not_affected,vulnerable_code_not_present
rancher/rke2-runtime:v1.33.13-rke2r1,rke2/v1.33.13,go.opentelemetry.io/otel/sdk,v1.33.0,gobinary,CVE-2026-39883,HIGH,https://avd.aquasec.com/nvd/cve-2026-39883,bin/kubelet,1.43.0,false,not_affected,vulnerable_code_not_in_execute_path
rancher/rke2-runtime:v1.33.13-rke2r1,rke2/v1.33.13,go.opentelemetry.io/otel/sdk,v1.35.0,gobinary,CVE-2026-39883,HIGH,https://avd.aquasec.com/nvd/cve-2026-39883,bin/crictl,1.43.0,false,not_affected,vulnerable_code_not_in_execute_path
rancher/rke2-runtime:v1.33.13-rke2r1,rke2/v1.33.13,go.opentelemetry.io/otel/sdk,v1.38.0,gobinary,CVE-2026-39883,HIGH,https://avd.aquasec.com/nvd/cve-2026-39883,bin/containerd,1.43.0,false,not_affected,vulnerable_code_not_in_execute_path
rancher/rke2-runtime:v1.33.13-rke2r1,rke2/v1.33.13,github.com/docker/docker,v27.1.1+incompatible,gobinary,CVE-2026-41567,HIGH,https://avd.aquasec.com/nvd/cve-2026-41567,bin/crictl,,false,not_affected,vulnerable_code_not_present
rancher/rke2-runtime:v1.33.13-rke2r1,rke2/v1.33.13,github.com/docker/docker,v27.3.1+incompatible,gobinary,CVE-2026-41567,HIGH,https://avd.aquasec.com/nvd/cve-2026-41567,bin/containerd,,false,not_affected,vulnerable_code_not_present
rancher/rke2-runtime:v1.33.13-rke2r1,rke2/v1.33.13,github.com/docker/docker,v27.1.1+incompatible,gobinary,CVE-2026-42306,HIGH,https://avd.aquasec.com/nvd/cve-2026-42306,bin/crictl,,false,not_affected,vulnerable_code_not_present
rancher/rke2-runtime:v1.33.13-rke2r1,rke2/v1.33.13,github.com/docker/docker,v27.3.1+incompatible,gobinary,CVE-2026-42306,HIGH,https://avd.aquasec.com/nvd/cve-2026-42306,bin/containerd,,false,not_affected,vulnerable_code_not_present
rancher/rke2-runtime:v1.33.13-rke2r1,rke2/v1.33.13,golang.org/x/net,v0.38.0,gobinary,CVE-2026-42502,MEDIUM,https://avd.aquasec.com/nvd/cve-2026-42502,bin/crictl,0.55.0,false,not_affected,vulnerable_code_not_in_execute_path
rancher/rke2-runtime:v1.33.13-rke2r1,rke2/v1.33.13,golang.org/x/net,v0.38.0,gobinary,CVE-2026-42502,MEDIUM,https://avd.aquasec.com/nvd/cve-2026-42502,bin/kubectl,0.55.0,false,not_affected,vulnerable_code_not_present
rancher/rke2-runtime:v1.33.13-rke2r1,rke2/v1.33.13,golang.org/x/net,v0.38.0,gobinary,CVE-2026-42502,MEDIUM,https://avd.aquasec.com/nvd/cve-2026-42502,bin/kubelet,0.55.0,false,not_affected,vulnerable_code_not_present
rancher/rke2-runtime:v1.33.13-rke2r1,rke2/v1.33.13,golang.org/x/net,v0.43.0,gobinary,CVE-2026-42502,MEDIUM,https://avd.aquasec.com/nvd/cve-2026-42502,bin/runc,0.55.0,false,not_affected,vulnerable_code_not_present
rancher/rke2-runtime:v1.33.13-rke2r1,rke2/v1.33.13,stdlib,v1.25.10,gobinary,CVE-2026-42504,HIGH,https://avd.aquasec.com/nvd/cve-2026-42504,bin/runc,"1.25.11, 1.26.4",false,not_affected,vulnerable_code_not_present
rancher/rke2-runtime:v1.33.13-rke2r1,rke2/v1.33.13,stdlib,v1.26.3,gobinary,CVE-2026-42504,HIGH,https://avd.aquasec.com/nvd/cve-2026-42504,bin/crictl,"1.25.11, 1.26.4",false,not_affected,vulnerable_code_not_in_execute_path
rancher/rke2-runtime:v1.33.13-rke2r1,rke2/v1.33.13,stdlib,v1.25.10,gobinary,CVE-2026-42505,MEDIUM,https://avd.aquasec.com/nvd/cve-2026-42505,bin/runc,"1.25.12, 1.26.5, 1.27.0-rc.2",false,not_affected,vulnerable_code_not_present
rancher/rke2-runtime:v1.33.13-rke2r1,rke2/v1.33.13,stdlib,v1.25.11,gobinary,CVE-2026-42505,MEDIUM,https://avd.aquasec.com/nvd/cve-2026-42505,bin/kubectl,"1.25.12, 1.26.5, 1.27.0-rc.2",false,not_affected,vulnerable_code_not_in_execute_path
rancher/rke2-runtime:v1.33.13-rke2r1,rke2/v1.33.13,stdlib,v1.25.11,gobinary,CVE-2026-42505,MEDIUM,https://avd.aquasec.com/nvd/cve-2026-42505,bin/kubelet,"1.25.12, 1.26.5, 1.27.0-rc.2",false,not_affected,vulnerable_code_not_in_execute_path
rancher/rke2-runtime:v1.33.13-rke2r1,rke2/v1.33.13,stdlib,v1.26.3,gobinary,CVE-2026-42505,MEDIUM,https://avd.aquasec.com/nvd/cve-2026-42505,bin/crictl,"1.25.12, 1.26.5, 1.27.0-rc.2",false,not_affected,vulnerable_code_not_in_execute_path
rancher/rke2-runtime:v1.33.13-rke2r1,rke2/v1.33.13,stdlib,v1.26.4,gobinary,CVE-2026-42505,MEDIUM,https://avd.aquasec.com/nvd/cve-2026-42505,bin/containerd,"1.25.12, 1.26.5, 1.27.0-rc.2",false,not_affected,vulnerable_code_not_in_execute_path
rancher/rke2-runtime:v1.33.13-rke2r1,rke2/v1.33.13,stdlib,v1.26.4,gobinary,CVE-2026-42505,MEDIUM,https://avd.aquasec.com/nvd/cve-2026-42505,bin/containerd-shim-runc-v2,"1.25.12, 1.26.5, 1.27.0-rc.2",false,not_affected,vulnerable_code_not_in_execute_path
rancher/rke2-runtime:v1.33.13-rke2r1,rke2/v1.33.13,stdlib,v1.26.4,gobinary,CVE-2026-42505,MEDIUM,https://avd.aquasec.com/nvd/cve-2026-42505,bin/ctr,"1.25.12, 1.26.5, 1.27.0-rc.2",false,not_affected,vulnerable_code_not_in_execute_path
rancher/rke2-runtime:v1.33.13-rke2r1,rke2/v1.33.13,golang.org/x/net,v0.38.0,gobinary,CVE-2026-42506,MEDIUM,https://avd.aquasec.com/nvd/cve-2026-42506,bin/crictl,0.55.0,false,not_affected,vulnerable_code_not_in_execute_path
rancher/rke2-runtime:v1.33.13-rke2r1,rke2/v1.33.13,golang.org/x/net,v0.38.0,gobinary,CVE-2026-42506,MEDIUM,https://avd.aquasec.com/nvd/cve-2026-42506,bin/kubectl,0.55.0,false,not_affected,vulnerable_code_not_present
rancher/rke2-runtime:v1.33.13-rke2r1,rke2/v1.33.13,golang.org/x/net,v0.38.0,gobinary,CVE-2026-42506,MEDIUM,https://avd.aquasec.com/nvd/cve-2026-42506,bin/kubelet,0.55.0,false,not_affected,vulnerable_code_not_present
rancher/rke2-runtime:v1.33.13-rke2r1,rke2/v1.33.13,golang.org/x/net,v0.43.0,gobinary,CVE-2026-42506,MEDIUM,https://avd.aquasec.com/nvd/cve-2026-42506,bin/runc,0.55.0,false,not_affected,vulnerable_code_not_present
rancher/rke2-runtime:v1.33.13-rke2r1,rke2/v1.33.13,stdlib,v1.25.10,gobinary,CVE-2026-42507,MEDIUM,https://avd.aquasec.com/nvd/cve-2026-42507,bin/runc,"1.25.11, 1.26.4",false,not_affected,vulnerable_code_not_present
rancher/rke2-runtime:v1.33.13-rke2r1,rke2/v1.33.13,stdlib,v1.26.3,gobinary,CVE-2026-42507,MEDIUM,https://avd.aquasec.com/nvd/cve-2026-42507,bin/crictl,"1.25.11, 1.26.4",false,not_affected,vulnerable_code_not_in_execute_path
rancher/rke2-runtime:v1.33.13-rke2r1,rke2/v1.33.13,golang.org/x/crypto,v0.36.0,gobinary,CVE-2026-42508,HIGH,https://avd.aquasec.com/nvd/cve-2026-42508,bin/kubelet,0.52.0,false,not_affected,vulnerable_code_not_present
rancher/rke2-runtime:v1.33.13-rke2r1,rke2/v1.33.13,golang.org/x/crypto,v0.36.0,gobinary,CVE-2026-46595,HIGH,https://avd.aquasec.com/nvd/cve-2026-46595,bin/kubelet,0.52.0,false,not_affected,vulnerable_code_not_present
rancher/rke2-runtime:v1.33.13-rke2r1,rke2/v1.33.13,golang.org/x/crypto,v0.36.0,gobinary,CVE-2026-46597,HIGH,https://avd.aquasec.com/nvd/cve-2026-46597,bin/kubelet,0.52.0,false,not_affected,vulnerable_code_not_present
rancher/rke2-runtime:v1.33.13-rke2r1,rke2/v1.33.13,golang.org/x/crypto,v0.36.0,gobinary,CVE-2026-46598,MEDIUM,https://avd.aquasec.com/nvd/cve-2026-46598,bin/kubelet,0.52.0,false,not_affected,vulnerable_code_not_present
rancher/rke2-runtime:v1.33.13-rke2r1,rke2/v1.33.13,github.com/containerd/containerd/v2,v2.2.5-k3s1,gobinary,CVE-2026-47262,MEDIUM,https://avd.aquasec.com/nvd/cve-2026-47262,bin/containerd,"2.0.10, 2.1.9, 2.2.5, 2.3.2",false,not_affected,vulnerable_code_not_present
rancher/rke2-runtime:v1.33.13-rke2r1,rke2/v1.33.13,github.com/containerd/containerd/v2,v2.2.5-k3s1,gobinary,CVE-2026-47262,MEDIUM,https://avd.aquasec.com/nvd/cve-2026-47262,bin/containerd-shim-runc-v2,"2.0.10, 2.1.9, 2.2.5, 2.3.2",false,not_affected,vulnerable_code_not_present
rancher/rke2-runtime:v1.33.13-rke2r1,rke2/v1.33.13,github.com/containerd/containerd/v2,v2.2.5-k3s1,gobinary,CVE-2026-47262,MEDIUM,https://avd.aquasec.com/nvd/cve-2026-47262,bin/ctr,"2.0.10, 2.1.9, 2.2.5, 2.3.2",false,not_affected,vulnerable_code_not_present
rancher/rke2-runtime:v1.33.13-rke2r1,rke2/v1.33.13,github.com/containerd/containerd/v2,v2.2.5-k3s1,gobinary,CVE-2026-50195,MEDIUM,https://avd.aquasec.com/nvd/cve-2026-50195,bin/containerd,"2.1.9, 2.2.5, 2.3.2",false,not_affected,vulnerable_code_not_present
rancher/rke2-runtime:v1.33.13-rke2r1,rke2/v1.33.13,github.com/containerd/containerd/v2,v2.2.5-k3s1,gobinary,CVE-2026-50195,MEDIUM,https://avd.aquasec.com/nvd/cve-2026-50195,bin/containerd-shim-runc-v2,"2.1.9, 2.2.5, 2.3.2",false,not_affected,vulnerable_code_not_present
rancher/rke2-runtime:v1.33.13-rke2r1,rke2/v1.33.13,github.com/containerd/containerd/v2,v2.2.5-k3s1,gobinary,CVE-2026-50195,MEDIUM,https://avd.aquasec.com/nvd/cve-2026-50195,bin/ctr,"2.1.9, 2.2.5, 2.3.2",false,not_affected,vulnerable_code_not_present
rancher/rke2-runtime:v1.33.13-rke2r1,rke2/v1.33.13,github.com/containerd/containerd/v2,v2.2.5-k3s1,gobinary,CVE-2026-53488,HIGH,https://avd.aquasec.com/nvd/cve-2026-53488,bin/containerd,"2.0.10, 2.1.9, 2.2.5, 2.3.2",false,not_affected,vulnerable_code_not_present
rancher/rke2-runtime:v1.33.13-rke2r1,rke2/v1.33.13,github.com/containerd/containerd/v2,v2.2.5-k3s1,gobinary,CVE-2026-53488,HIGH,https://avd.aquasec.com/nvd/cve-2026-53488,bin/containerd-shim-runc-v2,"2.0.10, 2.1.9, 2.2.5, 2.3.2",false,not_affected,vulnerable_code_not_present
rancher/rke2-runtime:v1.33.13-rke2r1,rke2/v1.33.13,github.com/containerd/containerd/v2,v2.2.5-k3s1,gobinary,CVE-2026-53488,HIGH,https://avd.aquasec.com/nvd/cve-2026-53488,bin/ctr,"2.0.10, 2.1.9, 2.2.5, 2.3.2",false,not_affected,vulnerable_code_not_present
rancher/rke2-runtime:v1.33.13-rke2r1,rke2/v1.33.13,github.com/containerd/containerd/v2,v2.2.5-k3s1,gobinary,CVE-2026-53489,HIGH,https://avd.aquasec.com/nvd/cve-2026-53489,bin/containerd,"2.1.9, 2.2.5, 2.3.2",false,not_affected,vulnerable_code_not_present
rancher/rke2-runtime:v1.33.13-rke2r1,rke2/v1.33.13,github.com/containerd/containerd/v2,v2.2.5-k3s1,gobinary,CVE-2026-53489,HIGH,https://avd.aquasec.com/nvd/cve-2026-53489,bin/containerd-shim-runc-v2,"2.1.9, 2.2.5, 2.3.2",false,not_affected,vulnerable_code_not_present
rancher/rke2-runtime:v1.33.13-rke2r1,rke2/v1.33.13,github.com/containerd/containerd/v2,v2.2.5-k3s1,gobinary,CVE-2026-53489,HIGH,https://avd.aquasec.com/nvd/cve-2026-53489,bin/ctr,"2.1.9, 2.2.5, 2.3.2",false,not_affected,vulnerable_code_not_present
rancher/rke2-runtime:v1.33.13-rke2r1,rke2/v1.33.13,github.com/containerd/containerd/v2,v2.2.5-k3s1,gobinary,CVE-2026-53492,HIGH,https://avd.aquasec.com/nvd/cve-2026-53492,bin/containerd,"2.1.9, 2.2.5, 2.3.2",false,not_affected,vulnerable_code_not_present
rancher/rke2-runtime:v1.33.13-rke2r1,rke2/v1.33.13,github.com/containerd/containerd/v2,v2.2.5-k3s1,gobinary,CVE-2026-53492,HIGH,https://avd.aquasec.com/nvd/cve-2026-53492,bin/containerd-shim-runc-v2,"2.1.9, 2.2.5, 2.3.2",false,not_affected,vulnerable_code_not_present
rancher/rke2-runtime:v1.33.13-rke2r1,rke2/v1.33.13,github.com/containerd/containerd/v2,v2.2.5-k3s1,gobinary,CVE-2026-53492,HIGH,https://avd.aquasec.com/nvd/cve-2026-53492,bin/ctr,"2.1.9, 2.2.5, 2.3.2",false,not_affected,vulnerable_code_not_present
rancher/rke2-runtime:v1.33.13-rke2r1,rke2/v1.33.13,golang.org/x/text,v0.23.0,gobinary,CVE-2026-56852,HIGH,https://avd.aquasec.com/nvd/cve-2026-56852,bin/kubectl,0.39.0,false,not_affected,vulnerable_code_not_in_execute_path
rancher/rke2-runtime:v1.33.13-rke2r1,rke2/v1.33.13,golang.org/x/text,v0.23.0,gobinary,CVE-2026-56852,HIGH,https://avd.aquasec.com/nvd/cve-2026-56852,bin/kubelet,0.39.0,false,not_affected,vulnerable_code_not_in_execute_path
rancher/rke2-runtime:v1.33.13-rke2r1,rke2/v1.33.13,golang.org/x/text,v0.38.0,gobinary,CVE-2026-56852,HIGH,https://avd.aquasec.com/nvd/cve-2026-56852,bin/containerd,0.39.0,false,not_affected,vulnerable_code_not_in_execute_path
rancher/rke2-runtime:v1.33.13-rke2r1,rke2/v1.33.13,golang.org/x/text,v0.38.0,gobinary,CVE-2026-56852,HIGH,https://avd.aquasec.com/nvd/cve-2026-56852,bin/containerd-shim-runc-v2,0.39.0,false,not_affected,vulnerable_code_not_in_execute_path
rancher/rke2-runtime:v1.33.13-rke2r1,rke2/v1.33.13,golang.org/x/text,v0.38.0,gobinary,CVE-2026-56852,HIGH,https://avd.aquasec.com/nvd/cve-2026-56852,bin/ctr,0.39.0,false,not_affected,vulnerable_code_not_in_execute_path
rancher/rke2-runtime:v1.33.13-rke2r1,rke2/v1.33.13,google.golang.org/grpc,v1.68.1,gobinary,GHSA-hrxh-6v49-42gf,HIGH,https://github.com/advisories/GHSA-hrxh-6v49-42gf,bin/kubelet,1.82.1,false,affected,
rancher/rke2-runtime:v1.33.13-rke2r1,rke2/v1.33.13,google.golang.org/grpc,v1.72.0,gobinary,GHSA-hrxh-6v49-42gf,HIGH,https://github.com/advisories/GHSA-hrxh-6v49-42gf,bin/crictl,1.82.1,false,affected,
rancher/rke2-runtime:v1.33.13-rke2r1,rke2/v1.33.13,google.golang.org/grpc,v1.78.0,gobinary,GHSA-hrxh-6v49-42gf,HIGH,https://github.com/advisories/GHSA-hrxh-6v49-42gf,bin/containerd,1.82.1,false,affected,
rancher/rke2-runtime:v1.33.13-rke2r1,rke2/v1.33.13,google.golang.org/grpc,v1.78.0,gobinary,GHSA-hrxh-6v49-42gf,HIGH,https://github.com/advisories/GHSA-hrxh-6v49-42gf,bin/containerd-shim-runc-v2,1.82.1,false,affected,
rancher/rke2-runtime:v1.33.13-rke2r1,rke2/v1.33.13,google.golang.org/grpc,v1.78.0,gobinary,GHSA-hrxh-6v49-42gf,HIGH,https://github.com/advisories/GHSA-hrxh-6v49-42gf,bin/ctr,1.82.1,false,affected,
